0.0873169221234322
0.34834240554981066
0.350210702525893
0.45885224718418227
0.17251712551855905
0.4039562828036677
0.2801326665955951
0.2901351404489071
0.4614421842402809
0.1336287856787784
0.40279813430905753
0.23876522542631873
0.27292477297200934
0.15911793328648488
0.31356232016465324
0.3099423852125354
0.09054929975874307
0.07871287896432708
0.22349838209835501
0.5317848001458683
0.4211691995172817
0.16227150219310488
0.19685859779775117
0.2930118926674128
0.20059276980253707
0.3337805995954156
0.21654469251772648
0.28974985261043773
0.5414472840486964
0.25381677881844344
0.39152935872190997
0.0961318210906295
0.1205115234937489
0.29058081501693095
0.13430004580879876
0.31401499102294944
0.4637371700564327
0.3384829194789832
0.3089645784238191
0.2252914252307788
0.3232636045290242
0.21168243115068264
0.268054092513965
0.24525407925374268
0.11956716724863452
0.4996572491583832
0.4394004547336162
0.3908245582863669
0.46078472295526174
0.2091349491598873
0.3097878978609801
0.08458932133209557
0.4148111941209986
0.21920380574147338
0.5047128278582685
0.45468973618089165
0.16685691836718283
0.29536948254568357
0.5070948987261492
0.08638197959600921
0.3266641604563984
0.4871059261170119
0.3881193068541611
0.24812646305792577
0.36350324837221826
0.3347065093689468
0.25822135843285604
0.2519040082857491
0.09578411800408519
0.3603425153050733
0.20050131290063752
0.33411543767453855
0.35788821190723397
0.32636341330870233
0.2270366828577288
0.3928690513489338
0.4213178640964332
0.165018379244772
0.0781054362144404
0.2690089669092455
0.40111296126840623
0.23591730701122238
0.4152948244473676
0.21842151858130693
0.4056636499768595
0.4344909882132688
0.38575585096278225
0.2759595269236513
0.22953764294867876
0.25227728746865946
0.23140695200039435
0.47028875111247564
0.32460939535144023
0.2095834736715618
0.27647182884921134
0.2444614782171526
0.5087594814238627
0.2143865169841917
0.35585638479615683
0.3974983108087755
0.46119637146489767
