40575.0	261749.0
265442.0	304635.0
128683.0	180514.0
217277.0	263689.0
32990.0	369460.0
85640.0	196218.0
52042.0	278221.0
198620.0	189103.0
99319.0	113431.0
6363.0	220621.0
34654.0	164400.0
131995.0	250873.0
98780.0	152717.0
196774.0	214068.0
200305.0	218157.0
23588.0	190621.0
231729.0	244068.0
125274.0	148303.0
19699.0	305127.0
50576.0	274012.0
23796.0	180528.0
123808.0	247923.0
140149.0	209037.0
82621.0	292171.0
89258.0	255176.0
6445.0	259916.0
30424.0	261315.0
104815.0	336867.0
169296.0	206186.0
130048.0	157439.0
22947.0	239810.0
24430.0	127470.0
57309.0	251337.0
87751.0	218748.0
145995.0	246041.0
116166.0	203833.0
34433.0	178685.0
28802.0	252309.0
23733.0	156570.0
231655.0	241846.0
152916.0	211736.0
35048.0	256376.0
156995.0	176860.0
265465.0	132607.0
192898.0	355511.0
119837.0	349924.0
118587.0	355089.0
171844.0	212209.0
14540.0	226607.0
50641.0	195943.0
115484.0	702535.0
924189.0	724826.0
446064.0	739465.0
753658.0	621628.0
100824.0	823382.0
289880.0	592683.0
168418.0	720542.0
696492.0	659564.0
355276.0	396472.0
5662.0	451055.0
100664.0	510477.0
476385.0	681004.0
346458.0	393043.0
693085.0	610323.0
694208.0	606906.0
69128.0	477575.0
812921.0	483329.0
458930.0	594412.0
24320.0	976792.0
165239.0	766971.0
67602.0	390777.0
428337.0	560642.0
478053.0	604630.0
290543.0	575880.0
318773.0	684252.0
78025.0	561285.0
75210.0	624304.0
354831.0	870465.0
615148.0	599694.0
448153.0	611226.0
64530.0	495935.0
75702.0	353058.0
191237.0	558879.0
306764.0	475038.0
535504.0	523867.0
431326.0	668646.0
89695.0	562310.0
83309.0	688404.0
59868.0	492009.0
819781.0	597113.0
549867.0	513728.0
90712.0	685296.0
551599.0	556531.0
910070.0	355937.0
667830.0	838703.0
428206.0	866361.0
424713.0	827686.0
608582.0	832378.0
19296.0	552429.0
177326.0	577834.0
1.833707e6	375990.0
3.94293e6	403279.0
2.957217e6	337142.0
3.633976e6	457427.0
1.641972e6	603156.0
2.516808e6	389000.0
2.057121e6	464431.0
3.725992e6	366986.0
2.704409e6	301855.0
1.115199e6	324103.0
1.727382e6	307439.0
3.022247e6	502810.0
2.70131e6	253854.0
3.662072e6	329420.0
3.606742e6	334442.0
1.570369e6	317650.0
3.760288e6	351791.0
2.955025e6	313084.0
1.23611e6	479311.0
2.055556e6	378216.0
1.574897e6	291531.0
2.899747e6	508351.0
3.020961e6	302672.0
2.516833e6	406411.0
2.584207e6	527026.0
1.474274e6	513750.0
1.623959e6	337461.0
2.702838e6	616364.0
3.34086e6	298974.0
2.955882e6	408731.0
1.45829e6	324781.0
1.62397e6	336315.0
2.164535e6	356681.0
2.577466e6	326913.0
3.14492e6	346561.0
2.830081e6	386981.0
1.730112e6	291408.0
1.67256e6	486215.0
1.516593e6	323832.0
3.772806e6	505740.0
3.218193e6	306637.0
1.731349e6	465248.0
3.209054e6	302921.0
3.949245e6	346198.0
3.464562e6	628612.0
2.893627e6	631733.0
2.88961e6	626956.0
3.337731e6	344037.0
1.165218e6	488654.0
2.101119e6	313827.0
293091.0	465847.0
1.551663e6	508498.0
890195.0	555874.0
1.306607e6	400891.0
228103.0	775017.0
645863.0	348429.0
397450.0	505812.0
1.229486e6	535016.0
739445.0	193356.0
22710.0	484002.0
247933.0	297321.0
916427.0	478466.0
740166.0	242007.0
1.22197e6	357655.0
1.22908e6	363249.0
184433.0	260927.0
1.396271e6	341097.0
878702.0	350001.0
66351.0	649536.0
398213.0	470815.0
192178.0	280971.0
841750.0	406024.0
914016.0	313531.0
635287.0	433725.0
664331.0	499491.0
172387.0	416706.0
199832.0	355305.0
728350.0	646792.0
1.106687e6	332955.0
885847.0	436492.0
158076.0	283968.0
204736.0	218734.0
459719.0	433472.0
667559.0	358625.0
990254.0	417069.0
816183.0	508263.0
249083.0	330046.0
220776.0	447181.0
174063.0	301641.0
1.404555e6	547617.0
1.033579e6	258422.0
249792.0	424225.0
1.026487e6	315329.0
1.544956e6	227068.0
1.188619e6	679002.0
840886.0	790664.0
847016.0	644717.0
1.110238e6	582289.0
45059.0	427181.0
413880.0	385011.0
87250.0	598595.0
624276.0	610454.0
295991.0	657472.0
505415.0	619340.0
87655.0	795552.0
197870.0	605731.0
118038.0	651185.0
466748.0	594585.0
219530.0	403051.0
15287.0	534123.0
72485.0	449753.0
315782.0	669327.0
255243.0	453084.0
467962.0	491487.0
469559.0	492976.0
27179.0	391556.0
543704.0	508967.0
298629.0	474785.0
31155.0	764637.0
116612.0	680986.0
85913.0	448349.0
284383.0	651872.0
323534.0	465150.0
197259.0	579607.0
216572.0	774899.0
67355.0	588121.0
62731.0	483506.0
248986.0	902500.0
401700.0	423853.0
298841.0	681980.0
49610.0	406690.0
60468.0	438120.0
137805.0	521765.0
215141.0	470073.0
351076.0	534233.0
268952.0	593076.0
75193.0	514672.0
66081.0	694729.0
49582.0	478907.0
555277.0	637924.0
367029.0	394807.0
71233.0	648497.0
364449.0	422659.0
626219.0	448947.0
445463.0	841702.0
279473.0	934410.0
289498.0	908722.0
409405.0	697887.0
20415.0	663756.0
124891.0	508075.0
2.271988e6	254281.0
4.329011e6	293296.0
3.449105e6	200177.0
4.062963e6	250474.0
2.058534e6	341238.0
3.001606e6	139046.0
2.511197e6	270521.0
3.969465e6	224507.0
3.195989e6	77520.0
1.485944e6	200272.0
2.153992e6	164705.0
3.509522e6	194307.0
3.193378e6	100622.0
3.971424e6	232165.0
3.972798e6	237061.0
1.98716e6	194217.0
4.202383e6	189482.0
3.44568e6	175999.0
1.619093e6	306912.0
2.510995e6	273324.0
1.983112e6	121877.0
3.375161e6	194924.0
3.509712e6	209030.0
3.007299e6	288522.0
3.062208e6	199336.0
1.869522e6	191445.0
2.036938e6	226050.0
3.189779e6	298712.0
3.815827e6	205535.0
3.434463e6	104469.0
1.86967e6	201631.0
2.042119e6	78805.0
2.625032e6	224216.0
3.064849e6	217398.0
3.63254e6	186589.0
3.314453e6	244040.0
2.157114e6	183985.0
2.10107e6	235596.0
1.929877e6	151621.0
4.476824e6	225327.0
3.684206e6	214140.0
2.159986e6	220970.0
3.685682e6	182897.0
4.341143e6	82198.0
3.919949e6	329021.0
3.377074e6	337082.0
3.374742e6	282771.0
3.813107e6	229920.0
1.542422e6	174063.0
2.571916e6	215720.0
828208.0	647410.0
2.597867e6	622578.0
1.685051e6	706796.0
2.281998e6	585086.0
694266.0	674592.0
1.342797e6	415348.0
993205.0	734258.0
2.170574e6	738350.0
1.48326e6	441992.0
293505.0	395488.0
752628.0	564864.0
1.7362e6	573661.0
1.476267e6	334762.0
2.168849e6	420422.0
2.164254e6	421418.0
636420.0	474230.0
2.398192e6	451604.0
1.676861e6	410570.0
384084.0	594743.0
986236.0	493565.0
629447.0	345858.0
1.634435e6	522691.0
1.734124e6	471677.0
1.347719e6	560076.0
1.397242e6	500920.0
569865.0	548418.0
673259.0	432316.0
1.482156e6	546431.0
2.003924e6	557440.0
1.684362e6	504135.0
557869.0	425419.0
667847.0	410335.0
1.077961e6	468894.0
1.385653e6	383556.0
1.835709e6	438163.0
1.387029e6	756888.0
755423.0	463505.0
705417.0	613248.0
596838.0	526860.0
2.401639e6	527260.0
1.886636e6	443083.0
752103.0	690124.0
1.891158e6	573778.0
2.60532e6	393381.0
2.114076e6	609551.0
1.630894e6	824437.0
1.627894e6	642120.0
2.002148e6	670326.0
337544.0	506749.0
1.033039e6	439403.0
1.252455e6	853441.0
3.24488e6	864561.0
2.233553e6	966475.0
2.907635e6	715288.0
1.085239e6	882272.0
1.842938e6	680688.0
1.433633e6	816402.0
2.780848e6	847631.0
1.996393e6	512046.0
627276.0	506300.0
1.147836e6	622641.0
2.289828e6	760368.0
1.996788e6	501449.0
2.786706e6	665491.0
2.785265e6	655524.0
1.021325e6	567830.0
3.029492e6	554495.0
2.228955e6	653279.0
736032.0	1.051236e6
1.438213e6	867936.0
1.020291e6	538595.0
2.173214e6	623368.0
2.295092e6	659337.0
1.850776e6	714441.0
1.890175e6	722732.0
940141.0	642491.0
1.063766e6	660421.0
2.000763e6	922463.0
2.589504e6	700719.0
2.239269e6	764775.0
934177.0	565663.0
1.06587e6	458131.0
1.533859e6	601146.0
1.893042e6	511452.0
2.398541e6	559847.0
2.113643e6	823842.0
1.158707e6	658590.0
1.101564e6	762900.0
973134.0	580693.0
3.042907e6	686892.0
2.463366e6	579603.0
1.162627e6	813564.0
2.47242e6	681365.0
3.236819e6	447601.0
2.722442e6	954402.0
2.17184e6	977524.0
2.171711e6	933304.0
2.593561e6	1.000145e6
673368.0	619559.0
1.481233e6	628977.0
1.237574e6	200903.0
3.23389e6	226778.0
2.228128e6	144288.0
2.905218e6	257334.0
1.0843e6	337972.0
1.836737e6	159856.0
1.436629e6	275016.0
2.791935e6	176343.0
2.009029e6	123228.0
623951.0	199118.0
1.157495e6	140558.0
2.289978e6	220423.0
2.004527e6	162343.0
2.784093e6	157072.0
2.779013e6	165346.0
1.017874e6	157597.0
3.025619e6	239719.0
2.233331e6	86639.0
724132.0	222665.0
1.43216e6	194809.0
1.021056e6	185527.0
2.170603e6	272057.0
2.286541e6	121883.0
1.834729e6	232565.0
1.896249e6	287394.0
935943.0	232720.0
1.063333e6	170090.0
2.00231e6	330151.0
2.598945e6	139696.0
2.223916e6	192422.0
923735.0	172129.0
1.063284e6	142401.0
1.537777e6	227795.0
1.888449e6	205578.0
2.333614e6	232131.0
2.117889e6	192890.0
1.149613e6	108767.0
1.11657e6	265020.0
977168.0	152261.0
3.03985e6	215441.0
2.471518e6	123371.0
1.151691e6	246775.0
2.464995e6	147262.0
3.242054e6	150722.0
2.725374e6	307708.0
2.170097e6	353494.0
2.177342e6	351500.0
2.59722e6	142978.0
670330.0	274719.0
1.487924e6	181018.0
178329.0	215702.0
1.174079e6	223881.0
607250.0	175621.0
975835.0	274487.0
140289.0	304656.0
418568.0	268277.0
421435.0	224076.0
905737.0	190260.0
503933.0	103050.0
10620.0	120079.0
148439.0	66392.0
636663.0	174850.0
495132.0	52616.0
902078.0	170091.0
905619.0	169510.0
104287.0	63871.0
1.038745e6	175943.0
621127.0	115521.0
41600.0	263010.0
88507.0	238803.0
105740.0	62818.0
584440.0	258453.0
649072.0	148963.0
409201.0	253711.0
451967.0	262583.0
107621.0	176000.0
116150.0	113598.0
496176.0	309767.0
800454.0	101930.0
612607.0	197849.0
93603.0	97822.0
117166.0	100453.0
275186.0	147576.0
442287.0	142397.0
702384.0	121735.0
549320.0	196921.0
148254.0	130094.0
124419.0	236903.0
95086.0	78260.0
1.047281e6	173414.0
764304.0	137371.0
143879.0	168468.0
698381.0	69612.0
1.17255e6	107163.0
875831.0	350832.0
579455.0	340081.0
583517.0	365204.0
804591.0	182090.0
30760.0	255707.0
265281.0	154426.0
616826.0	859987.0
2.223575e6	874547.0
1.380968e6	887054.0
1.930388e6	747172.0
492183.0	1.102605e6
1.071433e6	749887.0
756794.0	901260.0
1.827883e6	930032.0
1.2134e6	519763.0
145213.0	689106.0
546389.0	679759.0
1.434859e6	930575.0
1.203347e6	526282.0
1.833832e6	757684.0
1.838758e6	773133.0
439189.0	545259.0
2.034689e6	614155.0
1.383855e6	687390.0
222439.0	1.08033e6
754110.0	845122.0
436937.0	533400.0
1.339583e6	772007.0
1.436535e6	756638.0
1.073866e6	704413.0
1.12427e6	926809.0
386488.0	778185.0
475118.0	774236.0
1.199578e6	1.143536e6
1.673871e6	706860.0
1.383697e6	809995.0
373851.0	587185.0
471039.0	532690.0
838579.0	769595.0
1.118005e6	593667.0
1.527013e6	772305.0
1.290954e6	925704.0
549862.0	632478.0
508752.0	926568.0
411183.0	688413.0
2.05488e6	882155.0
1.571048e6	572648.0
538471.0	886159.0
1.578851e6	685665.0
2.225892e6	541617.0
1.775413e6	1.240421e6
1.347625e6	1.193612e6
1.336396e6	1.083614e6
1.673399e6	915625.0
178083.0	756171.0
798196.0	758450.0
1.944041e6	834208.0
4.049572e6	802173.0
3.074838e6	811450.0
3.757783e6	712701.0
1.744441e6	937123.0
2.644778e6	632127.0
2.170572e6	790263.0
3.642065e6	793737.0
2.825558e6	501947.0
1.203995e6	524363.0
1.825194e6	607257.0
3.141093e6	811774.0
2.826862e6	442608.0
3.650727e6	656368.0
3.645489e6	653548.0
1.672473e6	572078.0
3.862648e6	569196.0
3.089032e6	669021.0
1.326618e6	1.003621e6
2.165311e6	774036.0
1.670365e6	488302.0
3.011687e6	662691.0
3.150118e6	648617.0
2.637199e6	699688.0
2.708738e6	769729.0
1.567373e6	689415.0
1.72622e6	704544.0
2.825662e6	903320.0
3.45685e6	678162.0
3.074776e6	798105.0
1.566037e6	606334.0
1.719378e6	465720.0
2.275666e6	628095.0
2.695452e6	546226.0
3.27141e6	593946.0
2.955545e6	778646.0
1.834326e6	633307.0
1.780817e6	772242.0
1.617856e6	566047.0
3.885438e6	727933.0
3.330827e6	565659.0
1.829821e6	811199.0
3.334364e6	649708.0
4.045677e6	461397.0
3.582577e6	950391.0
3.01578e6	943931.0
3.019395e6	980372.0
3.456639e6	844832.0
1.255715e6	654788.0
2.217641e6	623141.0
1.634975e6	682333.0
3.724111e6	742059.0
2.709307e6	711260.0
3.40344e6	719677.0
1.455351e6	810915.0
2.289565e6	556455.0
1.839974e6	808308.0
3.288159e6	724459.0
2.476945e6	537545.0
943439.0	485637.0
1.528414e6	618627.0
2.771467e6	739394.0
2.470564e6	427447.0
3.291317e6	534690.0
3.284347e6	547131.0
1.377457e6	531324.0
3.523014e6	547298.0
2.709938e6	562378.0
1.054273e6	713577.0
1.841655e6	602885.0
1.378668e6	466657.0
2.647413e6	707521.0
2.778905e6	578546.0
2.281349e6	636685.0
2.341432e6	724138.0
1.286051e6	717976.0
1.429966e6	580477.0
2.46277e6	776317.0
3.091285e6	640750.0
2.709052e6	574219.0
1.275576e6	544772.0
1.425993e6	555722.0
1.947045e6	633545.0
2.344975e6	506814.0
2.902171e6	585993.0
2.591331e6	730085.0
1.525982e6	530015.0
1.474378e6	801237.0
1.32661e6	659121.0
3.539006e6	703328.0
2.96325e6	529109.0
1.52791e6	854186.0
2.964425e6	618651.0
3.718144e6	555756.0
3.215692e6	837747.0
2.648377e6	1.006304e6
2.650557e6	844335.0
3.089733e6	696778.0
994190.0	665187.0
1.882901e6	551989.0
1.160506e6	642297.0
3.119375e6	578894.0
2.11876e6	598376.0
2.778612e6	505294.0
1.004132e6	562906.0
1.731196e6	348959.0
1.33522e6	614411.0
2.656355e6	645538.0
1.893415e6	323289.0
551908.0	289799.0
1.07087e6	474254.0
2.171787e6	513118.0
1.894285e6	266997.0
2.660272e6	461537.0
2.664456e6	473778.0
936699.0	365152.0
2.902286e6	371370.0
2.108234e6	360083.0
656194.0	570251.0
1.337406e6	497640.0
936842.0	290701.0
2.062519e6	386497.0
2.172808e6	506592.0
1.738006e6	500896.0
1.784133e6	452948.0
857442.0	375234.0
987389.0	486667.0
1.897713e6	514972.0
2.46332e6	486206.0
2.1206e6	457024.0
847208.0	361008.0
983179.0	256492.0
1.439966e6	417809.0
1.782554e6	316658.0
2.294346e6	398622.0
2.000554e6	628074.0
1.070735e6	386865.0
1.00812e6	582127.0
895128.0	420762.0
2.922577e6	362255.0
2.35245e6	376726.0
1.062857e6	608347.0
2.350071e6	490000.0
3.109886e6	241978.0
2.598619e6	616009.0
2.061448e6	679065.0
2.065651e6	617875.0
2.465988e6	576677.0
599088.0	367343.0
1.381206e6	455127.0
43134.0	570371.0
462966.0	513877.0
196603.0	555342.0
372083.0	487940.0
42236.0	547005.0
139639.0	368509.0
60855.0	624570.0
335150.0	615625.0
152405.0	400761.0
3130.0	277749.0
34257.0	525227.0
212988.0	598256.0
150860.0	266087.0
334207.0	383851.0
336138.0	396910.0
25042.0	354130.0
403330.0	350423.0
198118.0	373247.0
11209.0	481303.0
55741.0	394957.0
24656.0	276520.0
187166.0	484462.0
218940.0	443330.0
126014.0	429800.0
144600.0	524447.0
26969.0	509596.0
24409.0	412205.0
152829.0	529602.0
286227.0	444502.0
199637.0	531716.0
28861.0	310543.0
32422.0	407801.0
77497.0	389996.0
129412.0	269977.0
249515.0	411504.0
175458.0	640411.0
35263.0	338986.0
29924.0	655112.0
60518.0	510302.0
402811.0	479808.0
260570.0	320881.0
38760.0	674216.0
260156.0	474860.0
453998.0	389638.0
318817.0	625870.0
192076.0	779955.0
195764.0	637557.0
282247.0	506446.0
8041.0	469514.0
67758.0	421286.0
1.728704e6	653697.0
3.834904e6	635044.0
2.835484e6	702915.0
3.521824e6	669073.0
1.551746e6	798024.0
2.398587e6	477467.0
1.944612e6	788981.0
3.410136e6	729449.0
2.579438e6	506782.0
1.028908e6	501498.0
1.628745e6	616758.0
2.898999e6	659947.0
2.583672e6	407848.0
3.411462e6	500049.0
3.41154e6	497461.0
1.479445e6	549766.0
3.632702e6	539698.0
2.836867e6	490125.0
1.14581e6	675896.0
1.948996e6	582125.0
1.472832e6	419654.0
2.767199e6	628156.0
2.897711e6	523678.0
2.406575e6	647949.0
2.460711e6	611143.0
1.377734e6	659818.0
1.523602e6	498323.0
2.587175e6	672061.0
3.214618e6	579168.0
2.833835e6	587806.0
1.369713e6	501401.0
1.526045e6	506691.0
2.040459e6	514920.0
2.461222e6	497758.0
3.023069e6	506593.0
2.713706e6	747712.0
1.623415e6	533650.0
1.575153e6	676121.0
1.423251e6	568476.0
3.654828e6	644336.0
3.089017e6	521397.0
1.627357e6	731200.0
3.093946e6	597260.0
3.836366e6	491106.0
3.306316e6	692772.0
2.771232e6	855464.0
2.768819e6	743141.0
3.222564e6	709004.0
1.078581e6	632308.0
2.000987e6	512500.0
1.9414e6	318458.0
4.039398e6	327605.0
3.088697e6	258232.0
3.750991e6	166967.0
1.747078e6	286045.0
2.637895e6	184264.0
2.16181e6	221891.0
3.644408e6	295000.0
2.826552e6	90931.0
1.20271e6	250416.0
1.833206e6	168914.0
3.144001e6	228659.0
2.82623e6	224004.0
3.637907e6	157038.0
3.637539e6	162460.0
1.673852e6	197847.0
3.864836e6	189469.0
3.078514e6	182216.0
1.326873e6	319966.0
2.163599e6	269026.0
1.676371e6	262295.0
3.020955e6	163808.0
3.137391e6	142041.0
2.647485e6	322723.0
2.704753e6	170902.0
1.569364e6	226578.0
1.724887e6	207192.0
2.826841e6	321786.0
3.460313e6	181507.0
3.088741e6	257579.0
1.56363e6	206862.0
1.728411e6	104634.0
2.283839e6	206351.0
2.705811e6	216292.0
3.268555e6	235164.0
2.946665e6	300221.0
1.832249e6	133535.0
1.773413e6	181609.0
1.621261e6	157790.0
3.879366e6	233387.0
3.335193e6	157738.0
1.832889e6	223079.0
3.335949e6	184275.0
4.052806e6	107950.0
3.574675e6	330950.0
3.022224e6	349004.0
3.012999e6	351123.0
3.467193e6	260206.0
1.257782e6	166572.0
2.225365e6	174948.0
226341.0	263513.0
1.350966e6	311066.0
750012.0	183289.0
1.134676e6	260146.0
191036.0	352515.0
528702.0	177282.0
315329.0	273662.0
1.062433e6	191287.0
619855.0	93987.0
16691.0	212386.0
190995.0	167525.0
770025.0	232266.0
605083.0	130123.0
1.060448e6	220413.0
1.059035e6	224543.0
145872.0	198843.0
1.214227e6	223437.0
745364.0	180013.0
58334.0	311126.0
307074.0	276074.0
136028.0	155087.0
706694.0	222434.0
771272.0	215309.0
522887.0	296518.0
549544.0	226987.0
138515.0	231491.0
156211.0	270915.0
607140.0	303314.0
952079.0	214677.0
739043.0	134683.0
115718.0	246757.0
152841.0	107119.0
232161.0	252679.0
543152.0	230313.0
845154.0	215918.0
678203.0	204917.0
195559.0	187879.0
173164.0	243933.0
123079.0	157948.0
1.21887e6	239455.0
876228.0	221661.0
183527.0	249873.0
886493.0	184031.0
1.35581e6	109462.0
996118.0	325452.0
712773.0	322992.0
706018.0	327531.0
941315.0	216444.0
33567.0	198690.0
326354.0	203860.0
332902.0	881699.0
1.643894e6	845300.0
954086.0	843880.0
1.402443e6	774954.0
271849.0	997819.0
698055.0	662707.0
447884.0	876839.0
1.32949e6	885824.0
805005.0	590857.0
30703.0	573782.0
294601.0	710935.0
995120.0	908482.0
815660.0	489287.0
1.323433e6	729312.0
1.325489e6	726085.0
214275.0	661568.0
1.498063e6	625801.0
959298.0	716748.0
83888.0	999755.0
456770.0	786563.0
218593.0	518460.0
917363.0	728104.0
994243.0	718867.0
698556.0	736638.0
733567.0	852671.0
204848.0	772353.0
248187.0	758826.0
813490.0	951707.0
1.194306e6	745296.0
960538.0	854661.0
179935.0	644252.0
243248.0	546303.0
502080.0	678829.0
743399.0	588468.0
1.076418e6	657299.0
884573.0	904251.0
283311.0	646797.0
277656.0	861979.0
191091.0	667394.0
1.504336e6	785157.0
1.110165e6	619658.0
291334.0	905487.0
1.114326e6	752828.0
1.658512e6	540236.0
1.284457e6	991887.0
916174.0	1.012036e6
916415.0	1.017739e6
1.187555e6	849326.0
58938.0	722627.0
471486.0	695617.0
72678.0	477389.0
315115.0	424506.0
174735.0	471108.0
264064.0	489753.0
68999.0	456557.0
129909.0	320158.0
90675.0	460731.0
247489.0	520367.0
146887.0	336407.0
25213.0	256073.0
61996.0	317877.0
183550.0	344443.0
146708.0	237219.0
246044.0	306748.0
247773.0	302254.0
47587.0	327120.0
283525.0	330484.0
176488.0	278393.0
32524.0	406340.0
87058.0	394507.0
52514.0	250405.0
168817.0	363601.0
182183.0	328255.0
128250.0	445925.0
134996.0	334906.0
54244.0	326579.0
61033.0	311829.0
146990.0	353707.0
222112.0	338981.0
170297.0	355170.0
53735.0	312076.0
57085.0	255434.0
96754.0	274448.0
134608.0	270300.0
195337.0	248049.0
163101.0	501564.0
66498.0	340071.0
61912.0	433871.0
54843.0	291317.0
282472.0	304430.0
208352.0	326601.0
66633.0	463248.0
206000.0	348536.0
315362.0	239933.0
239019.0	425460.0
164914.0	533722.0
171420.0	486416.0
221509.0	434505.0
29025.0	348405.0
89239.0	287855.0
75244.0	877892.0
271287.0	825290.0
164101.0	876641.0
232800.0	827839.0
65570.0	1.027801e6
123971.0	646438.0
87194.0	991250.0
220990.0	908470.0
141506.0	655151.0
30377.0	638662.0
68483.0	846198.0
167231.0	968581.0
140334.0	533326.0
221916.0	774369.0
220898.0	767070.0
58706.0	702219.0
251243.0	675686.0
159905.0	770949.0
51236.0	992614.0
91186.0	837802.0
54160.0	548703.0
157662.0	806055.0
168483.0	781138.0
120902.0	799608.0
131301.0	933958.0
39736.0	844827.0
57898.0	761621.0
139710.0	1.015774e6
201620.0	765590.0
162596.0	892438.0
50983.0	647713.0
61314.0	667924.0
94831.0	717904.0
125698.0	641327.0
181238.0	743731.0
151742.0	931240.0
67071.0	701976.0
64659.0	960809.0
51770.0	798513.0
251175.0	858565.0
187199.0	668131.0
62793.0	979598.0
189666.0	800594.0
273671.0	654350.0
215891.0	1.009066e6
160120.0	1.06883e6
157179.0	1.058917e6
200904.0	891621.0
39687.0	817259.0
91122.0	770001.0
907411.0	943957.0
2.728843e6	901920.0
1.784104e6	849137.0
2.400398e6	807096.0
773266.0	1.001507e6
1.435044e6	759409.0
1.07638e6	910017.0
2.28808e6	909621.0
1.584868e6	612684.0
354417.0	613438.0
820801.0	709922.0
1.844739e6	984001.0
1.575947e6	535404.0
2.290508e6	749396.0
2.294885e6	759402.0
710672.0	642173.0
2.522933e6	663842.0
1.790888e6	684357.0
448129.0	977784.0
1.074564e6	786464.0
706197.0	590090.0
1.535444e6	796597.0
1.836678e6	757633.0
1.434641e6	780487.0
1.489586e6	894986.0
633251.0	834651.0
752272.0	827121.0
1.586067e6	989162.0
2.11917e6	767683.0
1.787355e6	883624.0
629564.0	691540.0
762399.0	585022.0
1.165413e6	745824.0
1.476907e6	616187.0
1.94393e6	737134.0
1.692299e6	899754.0
826081.0	642879.0
788178.0	900606.0
667453.0	677722.0
2.539734e6	802378.0
1.996381e6	643260.0
824057.0	914652.0
2.010569e6	741155.0
2.729934e6	581870.0
2.233203e6	1.108389e6
1.894026e6	1.104898e6
1.527214e6	1.103084e6
2.117009e6	847185.0
393855.0	791561.0
1.118193e6	723748.0
78931.0	656887.0
345332.0	593524.0
197282.0	620414.0
295804.0	546274.0
73500.0	631940.0
145465.0	360809.0
100978.0	725999.0
271641.0	683800.0
165194.0	399364.0
30613.0	394699.0
74113.0	603550.0
200969.0	612337.0
164050.0	313350.0
275210.0	470911.0
273559.0	481255.0
66936.0	444352.0
311148.0	442487.0
191617.0	404468.0
42342.0	565322.0
101904.0	487264.0
60814.0	319077.0
188716.0	483174.0
203775.0	531777.0
148063.0	535784.0
152465.0	520280.0
64657.0	511744.0
67469.0	495278.0
162688.0	574458.0
242666.0	539799.0
195621.0	496409.0
53171.0	399566.0
68075.0	377094.0
108285.0	484947.0
150132.0	377271.0
223518.0	511730.0
180081.0	713732.0
76679.0	430083.0
68987.0	661187.0
61838.0	555495.0
315409.0	484323.0
227657.0	413371.0
77912.0	707918.0
226672.0	573197.0
344078.0	358945.0
269371.0	640410.0
185072.0	781172.0
187329.0	651609.0
244024.0	592998.0
35352.0	478434.0
105193.0	521217.0
122929.0	392515.0
594806.0	399701.0
307702.0	304081.0
490349.0	373457.0
121522.0	414114.0
219691.0	276743.0
150477.0	381072.0
461812.0	316053.0
259131.0	125894.0
40985.0	281201.0
114411.0	209539.0
328657.0	212857.0
263585.0	223849.0
460567.0	317362.0
462345.0	324333.0
85573.0	221191.0
529287.0	282652.0
312265.0	209906.0
62361.0	394609.0
152436.0	429101.0
90698.0	221094.0
311428.0	276200.0
328393.0	271791.0
219543.0	419217.0
241984.0	290122.0
84005.0	214303.0
89833.0	264015.0
265589.0	419730.0
408930.0	257102.0
312837.0	211219.0
111519.0	238166.0
91554.0	117560.0
178067.0	318003.0
239002.0	317052.0
359883.0	286756.0
292892.0	329672.0
106969.0	241070.0
102188.0	327411.0
85633.0	193993.0
534432.0	217527.0
368645.0	275681.0
106293.0	274630.0
374660.0	229874.0
587433.0	116057.0
446247.0	386185.0
301648.0	421835.0
307045.0	395701.0
408422.0	358735.0
52637.0	274489.0
152879.0	330915.0
2.268066e6	468601.0
4.331937e6	420393.0
3.447507e6	538733.0
4.072163e6	471867.0
2.056424e6	497210.0
3.003296e6	313427.0
2.505769e6	533850.0
3.972377e6	524179.0
3.194385e6	362645.0
1.487043e6	355041.0
2.156704e6	423521.0
3.507002e6	517465.0
3.194608e6	256687.0
3.971659e6	358806.0
3.971409e6	351355.0
1.982961e6	343951.0
4.455778e6	352418.0
3.437756e6	399074.0
1.61616e6	484834.0
2.509247e6	442703.0
1.985367e6	261774.0
3.378362e6	420879.0
3.514082e6	367345.0
3.008081e6	425491.0
3.065747e6	487021.0
1.86957e6	425808.0
2.03858e6	356129.0
3.190633e6	502474.0
3.806689e6	356635.0
3.452916e6	501353.0
1.870215e6	305725.0
2.038592e6	345714.0
2.627614e6	302518.0
3.06216e6	275705.0
3.627223e6	326219.0
3.31459e6	541657.0
2.156924e6	441016.0
2.096686e6	557978.0
1.929944e6	397639.0
4.391648e6	448786.0
3.682916e6	316141.0
2.161791e6	562752.0
3.686315e6	385082.0
4.332489e6	329044.0
3.923954e6	526526.0
3.38401e6	702252.0
3.377931e6	611638.0
3.808546e6	517982.0
1.542057e6	406166.0
2.575671e6	331081.0
31586.0	695599.0
164422.0	663484.0
88025.0	861349.0
137232.0	628828.0
25913.0	889621.0
59929.0	461350.0
43629.0	793833.0
125663.0	876838.0
67742.0	481081.0
6420.0	568655.0
26364.0	630845.0
86681.0	701167.0
68024.0	370404.0
128435.0	522902.0
124380.0	516132.0
22144.0	519647.0
144872.0	498417.0
83174.0	539504.0
8359.0	752042.0
35274.0	613985.0
25001.0	382127.0
77178.0	581594.0
89285.0	544671.0
58453.0	607879.0
62131.0	635268.0
32871.0	629518.0
25052.0	521094.0
70535.0	697947.0
110183.0	600333.0
85453.0	634350.0
15285.0	467257.0
21484.0	465616.0
42782.0	514642.0
64638.0	433650.0
102766.0	500861.0
77826.0	861023.0
22884.0	603866.0
24148.0	696525.0
18199.0	590522.0
146081.0	728850.0
99338.0	485179.0
24528.0	764479.0
100729.0	619865.0
162517.0	451822.0
124376.0	766254.0
78321.0	1.02315e6
80576.0	784571.0
112816.0	847111.0
11085.0	574146.0
40029.0	505357.0
2.057442e6	584481.0
4.121415e6	558830.0
3.193376e6	470971.0
3.576599e6	494423.0
1.832405e6	546928.0
2.746914e6	390377.0
2.270188e6	492899.0
3.735235e6	517927.0
2.93606e6	277591.0
1.286308e6	365155.0
1.928443e6	319609.0
3.244861e6	358911.0
2.930895e6	309284.0
3.73657e6	399585.0
3.745481e6	404406.0
1.764905e6	380356.0
3.948152e6	420080.0
3.18578e6	300603.0
1.405941e6	529918.0
2.266718e6	478603.0
1.766975e6	344869.0
3.127379e6	383125.0
3.24937e6	396432.0
2.741121e6	535919.0
2.809496e6	366116.0
1.65704e6	346535.0
1.815017e6	436523.0
2.927566e6	460910.0
3.568029e6	424218.0
3.189599e6	380676.0
1.65303e6	417226.0
1.819084e6	216021.0
2.376e6	390931.0
2.803355e6	391399.0
3.370689e6	359194.0
3.062941e6	504069.0
1.923103e6	397325.0
1.868115e6	430584.0
1.709887e6	278062.0
3.975555e6	340664.0
3.428108e6	414332.0
1.92441e6	440790.0
3.437108e6	383220.0
4.121463e6	211338.0
3.685209e6	523891.0
3.118627e6	579431.0
3.12029e6	552397.0
3.556857e6	491547.0
1.340055e6	373262.0
2.325027e6	387536.0
28160.0	261288.0
244720.0	241859.0
105535.0	271777.0
199413.0	319457.0
19593.0	367293.0
65111.0	179902.0
29305.0	338368.0
183214.0	292913.0
80690.0	213430.0
664.0	173185.0
22150.0	263601.0
114156.0	331775.0
84564.0	158382.0
183777.0	188907.0
180752.0	185510.0
20434.0	241202.0
218112.0	197152.0
105926.0	254376.0
8575.0	256266.0
34235.0	220602.0
7337.0	175372.0
95974.0	292623.0
111590.0	203630.0
65196.0	237654.0
73003.0	289308.0
20602.0	333200.0
16006.0	208197.0
79385.0	273687.0
154640.0	212355.0
106578.0	241435.0
11787.0	215383.0
12376.0	236345.0
37878.0	183506.0
76266.0	176794.0
127019.0	182613.0
92311.0	303000.0
18953.0	211389.0
17428.0	326985.0
10793.0	258716.0
217137.0	314716.0
142512.0	201798.0
17445.0	367738.0
138481.0	232303.0
251153.0	228656.0
168864.0	303806.0
104462.0	399479.0
98949.0	346912.0
156504.0	257087.0
4279.0	268125.0
36816.0	178531.0
330501.0	228184.0
1.657859e6	243469.0
954892.0	280830.0
1.414302e6	251299.0
260287.0	428855.0
710936.0	202708.0
446068.0	302575.0
1.322221e6	299018.0
811108.0	172423.0
30216.0	201954.0
275914.0	186370.0
997904.0	312585.0
809787.0	154079.0
1.326343e6	114597.0
1.324592e6	114817.0
223084.0	166233.0
1.496412e6	231403.0
956024.0	121828.0
87123.0	319126.0
443680.0	173041.0
211976.0	176284.0
924035.0	306373.0
993119.0	127825.0
703172.0	233501.0
741733.0	324076.0
192410.0	328422.0
232783.0	159663.0
813005.0	371022.0
1.196986e6	176683.0
949080.0	306421.0
179915.0	168919.0
234185.0	206505.0
502602.0	177530.0
739817.0	153430.0
1.071076e6	216317.0
884176.0	310538.0
287907.0	137251.0
234401.0	287624.0
200658.0	210218.0
1.504978e6	319886.0
1.122943e6	127998.0
292241.0	339906.0
1.111304e6	178703.0
1.655726e6	215642.0
1.273645e6	373792.0
919571.0	465643.0
925349.0	420571.0
1.196949e6	273465.0
56384.0	317705.0
484574.0	131537.0
988167.0	522680.0
2.858379e6	522205.0
1.965555e6	425867.0
2.527947e6	394940.0
832994.0	486174.0
1.521639e6	269324.0
1.159109e6	536859.0
2.408433e6	456805.0
1.685244e6	148128.0
417659.0	255751.0
901836.0	331375.0
1.951349e6	315341.0
1.680793e6	147309.0
2.413275e6	363546.0
2.410374e6	379714.0
779170.0	219647.0
2.644166e6	273373.0
1.692111e6	240078.0
514503.0	452011.0
1.161903e6	403432.0
783774.0	177681.0
1.83711e6	311042.0
1.937849e6	361171.0
1.532316e6	415158.0
1.587326e6	340369.0
700213.0	259158.0
816968.0	317008.0
1.678428e6	432079.0
2.224797e6	390980.0
2.021722e6	233283.0
700183.0	235911.0
820272.0	135040.0
1.254389e6	429126.0
1.587707e6	285456.0
2.060462e6	363241.0
1.784525e6	472974.0
904083.0	255673.0
871442.0	439698.0
745181.0	324437.0
2.656204e6	274881.0
2.114471e6	287830.0
904806.0	430784.0
2.121184e6	368002.0
2.851663e6	134808.0
2.3507e6	497269.0
1.850996e6	600462.0
1.839213e6	453801.0
2.236115e6	444709.0
460442.0	297613.0
1.203145e6	401223.0
63264.0	350798.0
366202.0	306695.0
179979.0	345317.0
299384.0	366742.0
55302.0	424637.0
125007.0	341785.0
79016.0	383816.0
274834.0	393509.0
148559.0	288183.0
13903.0	185224.0
53194.0	273819.0
181284.0	399442.0
144125.0	189806.0
273736.0	205073.0
278579.0	203544.0
46892.0	250825.0
323522.0	271664.0
182345.0	192540.0
19578.0	336757.0
76801.0	276276.0
60208.0	192203.0
179047.0	394051.0
192894.0	223400.0
122308.0	325254.0
134186.0	369706.0
40781.0	397744.0
43211.0	215415.0
145568.0	375581.0
243471.0	235118.0
182287.0	422219.0
34762.0	216468.0
41993.0	287009.0
88932.0	183509.0
130856.0	180660.0
211209.0	173393.0
163870.0	408605.0
57148.0	237022.0
51122.0	379242.0
38352.0	240214.0
326511.0	351198.0
222267.0	222916.0
54066.0	386576.0
226389.0	256175.0
366284.0	278540.0
267070.0	438524.0
175193.0	518185.0
175117.0	503482.0
244242.0	311794.0
18224.0	397548.0
86040.0	192275.0
983082.0	678068.0
2.85417e6	688272.0
1.943006e6	636917.0
2.528005e6	663309.0
838428.0	816263.0
1.542399e6	638512.0
1.163771e6	734432.0
2.408745e6	646084.0
1.68794e6	431298.0
418107.0	482163.0
907069.0	518948.0
1.939713e6	759743.0
1.677155e6	461131.0
2.409033e6	587773.0
2.407488e6	587858.0
774154.0	422804.0
2.647964e6	528100.0
2.024521e6	540353.0
511921.0	822239.0
1.162017e6	722251.0
780060.0	466354.0
1.839379e6	700735.0
1.943621e6	548530.0
1.535334e6	610523.0
1.576757e6	863327.0
705729.0	643507.0
821165.0	577018.0
1.681985e6	992397.0
2.235939e6	509233.0
1.880419e6	732103.0
695359.0	445392.0
820972.0	470450.0
1.242703e6	606267.0
1.577449e6	495565.0
2.0546e6	609287.0
1.785503e6	662539.0
909719.0	454286.0
854324.0	777722.0
735055.0	547940.0
2.664222e6	618773.0
2.114425e6	428469.0
905572.0	726831.0
2.117126e6	499941.0
2.857899e6	481674.0
2.353974e6	937835.0
1.840867e6	954696.0
1.836956e6	988109.0
2.227267e6	672298.0
461144.0	700342.0
1.212526e6	591948.0
58463.0	294374.0
569162.0	291576.0
244184.0	293377.0
459253.0	361468.0
63374.0	501854.0
160549.0	302935.0
80361.0	376887.0
423592.0	335460.0
203342.0	265329.0
3004.0	266552.0
48389.0	264775.0
277449.0	424793.0
193418.0	208875.0
421155.0	199942.0
414635.0	201471.0
32324.0	245869.0
497184.0	292327.0
257963.0	213092.0
15228.0	344579.0
87880.0	266504.0
36379.0	231752.0
238507.0	426925.0
274864.0	209232.0
162470.0	322913.0
163085.0	443512.0
46867.0	442634.0
87768.0	232584.0
194490.0	474725.0
364355.0	219108.0
250044.0	407666.0
31338.0	238112.0
41715.0	304195.0
98833.0	242298.0
170988.0	238378.0
307659.0	295188.0
233756.0	354398.0
49468.0	221074.0
40067.0	402039.0
31422.0	292839.0
504826.0	432207.0
320638.0	209504.0
47227.0	422959.0
322757.0	236348.0
572696.0	314411.0
401221.0	487326.0
231567.0	528579.0
243454.0	536179.0
362680.0	265089.0
12486.0	442692.0
95870.0	223533.0
993990.0	707772.0
2.855165e6	751945.0
2.096983e6	678709.0
2.528133e6	652359.0
837259.0	868154.0
1.540808e6	677958.0
1.16474e6	744647.0
2.411228e6	649066.0
1.678338e6	429394.0
417763.0	499023.0
905948.0	521452.0
1.945966e6	769933.0
1.683068e6	457886.0
2.417427e6	638487.0
2.405691e6	632809.0
777148.0	454595.0
2.650841e6	534181.0
1.835612e6	579762.0
514083.0	942224.0
1.167172e6	779561.0
778875.0	480541.0
1.843175e6	670457.0
1.950872e6	595923.0
1.537079e6	610315.0
1.581849e6	821485.0
698806.0	662592.0
825348.0	634232.0
1.681626e6	1.013812e6
2.233587e6	560536.0
2.05775e6	713541.0
700519.0	500906.0
819239.0	436861.0
1.244402e6	622706.0
1.587263e6	504877.0
2.060878e6	624285.0
1.787876e6	666345.0
906381.0	499261.0
852417.0	756065.0
737134.0	527744.0
2.660241e6	661721.0
2.113865e6	484128.0
909570.0	719873.0
2.112589e6	536272.0
2.863735e6	445726.0
2.350389e6	1.000678e6
1.83891e6	920156.0
1.849885e6	978835.0
2.23028e6	741639.0
464548.0	654131.0
1.209523e6	596608.0
44150.0	726068.0
457193.0	710911.0
198039.0	890576.0
365177.0	613053.0
39589.0	843732.0
111704.0	493401.0
68368.0	719395.0
336087.0	795510.0
157525.0	413964.0
1279.0	507239.0
30426.0	529156.0
208091.0	615571.0
149962.0	337347.0
334938.0	531294.0
336616.0	521717.0
25401.0	467988.0
397643.0	447326.0
202826.0	508509.0
12170.0	808972.0
62770.0	655421.0
25464.0	376767.0
187539.0	512221.0
206344.0	535686.0
123665.0	592864.0
137998.0	577987.0
35141.0	525384.0
27958.0	529176.0
152784.0	690128.0
287017.0	604746.0
199423.0	592517.0
22233.0	464376.0
32155.0	358184.0
79568.0	507303.0
125652.0	410764.0
241715.0	449477.0
171655.0	735580.0
38102.0	589585.0
31129.0	632964.0
17467.0	486015.0
405076.0	657811.0
251701.0	481679.0
38515.0	709147.0
252130.0	584629.0
448602.0	344401.0
312535.0	761700.0
185598.0	926911.0
188143.0	754105.0
283187.0	886047.0
8098.0	502066.0
65922.0	498687.0
27824.0	821609.0
122054.0	783290.0
69777.0	840502.0
107900.0	720450.0
21120.0	931599.0
47538.0	607977.0
34289.0	796470.0
97252.0	821909.0
62482.0	521253.0
8496.0	531675.0
26004.0	627075.0
72983.0	806476.0
56204.0	437557.0
96994.0	655167.0
97527.0	653621.0
20284.0	594792.0
111774.0	568652.0
69843.0	664729.0
16611.0	986558.0
35048.0	764681.0
20699.0	470807.0
65794.0	655195.0
72511.0	646763.0
49672.0	691208.0
54166.0	758175.0
20089.0	691507.0
22002.0	682039.0
55754.0	866285.0
87500.0	678129.0
67055.0	783765.0
17460.0	588087.0
21311.0	473876.0
38221.0	609598.0
52937.0	533359.0
79115.0	577492.0
62155.0	809980.0
26150.0	646662.0
21621.0	775921.0
20392.0	584114.0
111368.0	735460.0
82771.0	566999.0
26355.0	822957.0
82921.0	671599.0
123134.0	468433.0
95294.0	910144.0
66515.0	965007.0
67109.0	960851.0
88951.0	854540.0
8496.0	652268.0
37873.0	626140.0
80315.0	293857.0
496620.0	295406.0
238883.0	256663.0
405316.0	357612.0
85411.0	333340.0
169237.0	291603.0
101355.0	311437.0
376763.0	269550.0
198571.0	167852.0
22827.0	199835.0
78103.0	142102.0
260378.0	199107.0
201738.0	151093.0
380797.0	229061.0
372389.0	231670.0
55492.0	126270.0
439979.0	218036.0
246141.0	196009.0
36902.0	302011.0
111421.0	347346.0
57349.0	134647.0
231527.0	296308.0
260230.0	206718.0
163193.0	345630.0
181521.0	303469.0
53772.0	194586.0
67984.0	167499.0
200186.0	378983.0
329731.0	157686.0
242254.0	209842.0
27796.0	143682.0
66225.0	164406.0
126924.0	230868.0
169443.0	223014.0
283391.0	201118.0
224909.0	277573.0
69022.0	186896.0
65819.0	319131.0
55442.0	155586.0
444500.0	183522.0
298715.0	193324.0
67869.0	241848.0
297284.0	129114.0
496265.0	160981.0
364385.0	357773.0
228205.0	421484.0
235456.0	383936.0
329988.0	286604.0
27479.0	286357.0
116407.0	241740.0
4427.0	308965.0
49146.0	285472.0
20719.0	313004.0
39238.0	359024.0
4267.0	474680.0
13073.0	312618.0
6440.0	371975.0
35598.0	359407.0
16803.0	274879.0
789.0	264156.0
4516.0	273400.0
26043.0	429001.0
17059.0	211507.0
36005.0	200233.0
35683.0	198255.0
3293.0	246071.0
42200.0	287868.0
18939.0	213078.0
1362.0	337657.0
8380.0	265018.0
3148.0	227355.0
20729.0	427912.0
21137.0	214705.0
13862.0	326248.0
12686.0	424468.0
4881.0	443859.0
4473.0	227006.0
14743.0	444996.0
32143.0	224159.0
23719.0	425780.0
2433.0	236936.0
4083.0	315148.0
9103.0	218804.0
14515.0	217656.0
28043.0	270410.0
17868.0	379949.0
3376.0	228895.0
2868.0	402061.0
2471.0	300387.0
43541.0	422400.0
27165.0	217042.0
3768.0	421633.0
29350.0	243680.0
51078.0	326613.0
34570.0	477607.0
19584.0	534497.0
19393.0	530249.0
33091.0	280285.0
1241.0	440550.0
7907.0	210622.0
377344.0	235692.0
1.736755e6	271668.0
1.037207e6	269141.0
1.510161e6	289094.0
295506.0	486915.0
769668.0	221425.0
503503.0	336394.0
1.425032e6	286961.0
878858.0	186528.0
37601.0	223298.0
322056.0	191777.0
1.076081e6	344707.0
886327.0	164948.0
1.419029e6	155653.0
1.425168e6	163673.0
241185.0	195984.0
1.602204e6	249602.0
1.037724e6	162286.0
98040.0	356543.0
501964.0	205803.0
251189.0	198628.0
1.005036e6	343050.0
1.079935e6	142105.0
774477.0	258927.0
803656.0	366348.0
214506.0	360699.0
278485.0	189816.0
886941.0	429862.0
1.28398e6	195395.0
1.035298e6	302804.0
210147.0	197929.0
276881.0	218877.0
568201.0	229724.0
800604.0	214816.0
1.15764e6	257803.0
950666.0	297389.0
323846.0	149790.0
289134.0	321201.0
225252.0	215194.0
1.603989e6	351055.0
1.193646e6	145636.0
329925.0	348412.0
1.195619e6	195655.0
1.766422e6	226126.0
1.375479e6	417603.0
992805.0	494888.0
998900.0	463361.0
1.285378e6	266806.0
67239.0	355651.0
534561.0	185937.0
549854.0	397486.0
2.102455e6	352822.0
1.299779e6	391454.0
1.822813e6	406662.0
433207.0	416449.0
988740.0	335202.0
696807.0	392423.0
1.717238e6	436064.0
1.116802e6	324246.0
107619.0	183436.0
486451.0	265142.0
1.337753e6	355222.0
1.121043e6	193803.0
1.724164e6	234449.0
1.715951e6	231256.0
383483.0	275161.0
1.922763e6	277075.0
1.287344e6	218713.0
185961.0	349477.0
695052.0	317197.0
379426.0	202677.0
1.249103e6	381640.0
1.335511e6	253459.0
992349.0	369736.0
881344.0	349579.0
332332.0	334488.0
411272.0	241195.0
1.114436e6	356740.0
1.569688e6	265017.0
1.295268e6	383817.0
324947.0	242561.0
417901.0	281582.0
764899.0	207473.0
893332.0	202525.0
1.431076e6	184190.0
1.206003e6	416900.0
476443.0	265908.0
444693.0	389570.0
349210.0	234707.0
1.929361e6	306854.0
1.477359e6	253356.0
484769.0	403218.0
1.473588e6	287450.0
2.107393e6	271123.0
1.671064e6	425236.0
1.253024e6	513978.0
1.2509e6	490198.0
1.578323e6	357817.0
142225.0	360852.0
728225.0	217659.0
0.0	548245.0
0.0	605262.0
0.0	678509.0
0.0	511519.0
0.0	837965.0
0.0	492666.0
0.0	594385.0
0.0	589732.0
0.0	275739.0
0.0	534308.0
0.0	359906.0
0.0	543927.0
0.0	340337.0
0.0	477809.0
0.0	476276.0
0.0	340677.0
0.0	417781.0
0.0	439754.0
0.0	813446.0
0.0	624074.0
0.0	336629.0
0.0	492636.0
0.0	436111.0
0.0	494555.0
0.0	581799.0
0.0	473318.0
0.0	476019.0
0.0	766553.0
0.0	437270.0
0.0	487572.0
0.0	393999.0
0.0	276507.0
0.0	491520.0
0.0	408623.0
0.0	448388.0
0.0	561956.0
0.0	455267.0
0.0	553305.0
0.0	360084.0
0.0	628646.0
0.0	372906.0
0.0	526112.0
0.0	396187.0
0.0	283256.0
0.0	764268.0
0.0	852507.0
0.0	731505.0
0.0	735707.0
0.0	479056.0
0.0	447070.0
1.632996e6	980704.0
3.729552e6	947145.0
2.711834e6	922343.0
3.398499e6	872698.0
1.450264e6	1.085774e6
2.290486e6	764698.0
1.834294e6	1.013373e6
3.288188e6	993649.0
2.467438e6	708930.0
940915.0	707350.0
1.52811e6	848513.0
2.77042e6	1.046784e6
2.464502e6	581798.0
3.290047e6	788246.0
3.293287e6	808426.0
1.381285e6	769995.0
3.519176e6	731580.0
2.717812e6	736857.0
1.053445e6	1.003419e6
1.841869e6	798433.0
1.385369e6	606133.0
2.646916e6	861590.0
2.777973e6	831005.0
2.292106e6	833731.0
2.338696e6	918035.0
1.287918e6	924232.0
1.426866e6	865596.0
2.460711e6	1.004063e6
3.092659e6	855882.0
2.704846e6	908753.0
1.27547e6	749519.0
1.429069e6	678291.0
1.949604e6	806280.0
2.341297e6	699897.0
2.900629e6	815159.0
2.579815e6	1.025155e6
1.532047e6	703924.0
1.47946e6	975810.0
1.329596e6	808757.0
3.537384e6	930288.0
2.96166e6	708779.0
1.516982e6	970521.0
2.966382e6	884225.0
3.728512e6	673668.0
3.218185e6	1.102728e6
2.648865e6	1.135589e6
2.65115e6	1.067573e6
3.097158e6	889984.0
991123.0	860167.0
1.889741e6	814024.0
613058.0	327317.0
2.229623e6	321174.0
1.394236e6	315243.0
1.921676e6	430584.0
490593.0	555125.0
1.080914e6	352616.0
761136.0	448915.0
1.830214e6	356861.0
1.20637e6	300150.0
142287.0	259336.0
538139.0	302643.0
1.428702e6	445637.0
1.209125e6	227528.0
1.82856e6	263792.0
1.821782e6	264482.0
439082.0	272511.0
2.040068e6	341265.0
1.385013e6	224254.0
222725.0	381754.0
762073.0	319137.0
436822.0	225695.0
1.338209e6	496719.0
1.439441e6	249959.0
1.078474e6	370707.0
1.124436e6	483521.0
377453.0	459648.0
469304.0	247776.0
1.209057e6	514975.0
1.676459e6	252484.0
1.389635e6	428958.0
374230.0	257413.0
474672.0	340023.0
837464.0	285804.0
1.123609e6	281534.0
1.52852e6	291061.0
1.296302e6	375191.0
540829.0	251877.0
505464.0	472145.0
404594.0	326518.0
2.044288e6	455947.0
1.57454e6	243914.0
546497.0	439553.0
1.579221e6	272266.0
2.226423e6	347299.0
1.780628e6	514759.0
1.337241e6	554693.0
1.338204e6	560746.0
1.673052e6	296265.0
180370.0	507553.0
811736.0	286308.0
116961.0	250830.0
912092.0	237462.0
459631.0	301670.0
745269.0	253814.0
105212.0	400823.0
294261.0	222105.0
158825.0	308015.0
693039.0	322297.0
365268.0	183463.0
7363.0	156077.0
95867.0	197649.0
472156.0	300827.0
354244.0	158936.0
696788.0	121227.0
696577.0	120843.0
77202.0	160807.0
809828.0	236028.0
455806.0	99425.0
29583.0	316018.0
162260.0	174611.0
74018.0	161076.0
428076.0	316003.0
482265.0	135483.0
296584.0	236192.0
316699.0	294288.0
76184.0	319319.0
81102.0	143431.0
349229.0	341272.0
605407.0	180195.0
460725.0	334795.0
59195.0	151747.0
80629.0	220250.0
206131.0	137563.0
316387.0	114526.0
533965.0	166856.0
402364.0	334988.0
100635.0	146493.0
83600.0	305556.0
59240.0	213582.0
817495.0	307777.0
558513.0	136029.0
97795.0	321208.0
563607.0	186695.0
916763.0	226199.0
670312.0	353234.0
432768.0	460993.0
428059.0	401689.0
616279.0	292363.0
22518.0	315156.0
182503.0	114485.0
71743.0	359949.0
563767.0	361946.0
265641.0	286588.0
457166.0	355030.0
61000.0	377937.0
165374.0	228335.0
95519.0	363170.0
418359.0	304377.0
217879.0	115023.0
7754.0	255774.0
56580.0	204902.0
267633.0	194850.0
188707.0	182484.0
413464.0	282724.0
420631.0	285485.0
41652.0	189614.0
491041.0	248170.0
262032.0	200831.0
23213.0	339720.0
91393.0	392024.0
86041.0	192669.0
244117.0	252606.0
279046.0	258680.0
172084.0	409744.0
179502.0	265495.0
48500.0	190901.0
52287.0	225588.0
186023.0	376641.0
361183.0	218586.0
266712.0	187651.0
39388.0	200394.0
42867.0	109833.0
112024.0	289587.0
183782.0	287277.0
302544.0	260648.0
233917.0	317009.0
58231.0	229278.0
47539.0	305572.0
38987.0	188057.0
493727.0	188944.0
322703.0	249645.0
54888.0	252586.0
327719.0	197761.0
566712.0	108058.0
400697.0	348885.0
245733.0	398725.0
240582.0	363367.0
363708.0	329382.0
15382.0	249749.0
59738.0	303916.0
228204.0	836334.0
1.351435e6	809145.0
753538.0	1.031638e6
1.1404e6	699472.0
187304.0	905763.0
527760.0	594856.0
320082.0	873968.0
1.06261e6	1.001393e6
617409.0	542921.0
14941.0	637084.0
191118.0	704446.0
767586.0	776326.0
611365.0	486954.0
1.062552e6	560284.0
1.058124e6	558757.0
139971.0	543686.0
1.212278e6	562185.0
739337.0	608101.0
56331.0	850544.0
299777.0	742226.0
140882.0	497041.0
702479.0	648690.0
771270.0	599743.0
509814.0	719415.0
545469.0	716335.0
137313.0	688682.0
158947.0	565696.0
605013.0	840908.0
953901.0	666205.0
747245.0	783808.0
117846.0	495121.0
151568.0	537114.0
208114.0	607000.0
544928.0	483780.0
837354.0	601774.0
676355.0	976688.0
187781.0	640750.0
170067.0	796672.0
124330.0	690816.0
1.218275e6	794538.0
883754.0	510968.0
185748.0	860638.0
881284.0	684367.0
1.353005e6	524817.0
987480.0	912957.0
713110.0	1.182815e6
701183.0	938527.0
940029.0	967908.0
34141.0	659281.0
326389.0	598353.0
249822.0	360394.0
1.447624e6	417642.0
808583.0	346662.0
1.217446e6	376032.0
213053.0	578654.0
571978.0	314774.0
347041.0	406829.0
1.151198e6	332377.0
681779.0	210433.0
19251.0	283445.0
219202.0	261327.0
839249.0	415813.0
668639.0	183558.0
1.147873e6	294642.0
1.146271e6	297521.0
155339.0	283956.0
1.308536e6	297077.0
807531.0	304855.0
60420.0	525965.0
346929.0	359436.0
165670.0	215038.0
768160.0	368142.0
843900.0	301471.0
580638.0	383012.0
606325.0	378754.0
153521.0	417144.0
222965.0	350137.0
666450.0	485376.0
1.025673e6	322433.0
813162.0	281880.0
124516.0	331799.0
127849.0	231085.0
395868.0	327503.0
618483.0	292175.0
922883.0	283161.0
739943.0	337140.0
220058.0	279448.0
199227.0	367343.0
147541.0	260672.0
1.313011e6	433784.0
946402.0	306013.0
227613.0	395390.0
951781.0	279492.0
1.434815e6	236538.0
1.107139e6	516142.0
781118.0	523981.0
772524.0	506920.0
1.030099e6	393040.0
39398.0	347789.0
377444.0	274264.0
1.153629e6	933968.0
3.115978e6	894554.0
2.11511e6	871455.0
2.779332e6	807464.0
1.001467e6	1.028889e6
1.735452e6	714363.0
1.336293e6	913326.0
2.662005e6	929875.0
1.898128e6	607430.0
555317.0	605256.0
1.071341e6	735665.0
2.174266e6	962803.0
1.89463e6	517160.0
2.663632e6	757929.0
2.655485e6	765902.0
941318.0	670943.0
2.904608e6	651251.0
2.114724e6	714324.0
656009.0	1.01613e6
1.34177e6	782659.0
939047.0	555712.0
2.064315e6	767375.0
2.172261e6	762125.0
1.728676e6	769540.0
1.785027e6	862336.0
856799.0	814758.0
979431.0	819032.0
1.896711e6	985973.0
2.474559e6	784461.0
2.126808e6	862916.0
848962.0	686054.0
981796.0	572808.0
1.435733e6	732627.0
1.788006e6	622289.0
2.293458e6	701738.0
2.002156e6	931719.0
1.067687e6	643964.0
1.031902e6	905124.0
896239.0	696806.0
2.918469e6	832336.0
2.347083e6	648117.0
1.063903e6	947159.0
2.34713e6	774907.0
3.11462e6	566484.0
2.595114e6	1.082683e6
2.057839e6	1.060023e6
2.065223e6	1.042012e6
2.46721e6	859062.0
597609.0	760964.0
1.397385e6	732778.0
1.529682e6	761193.0
3.609422e6	808711.0
2.594428e6	736876.0
3.282162e6	693047.0
1.354722e6	881622.0
2.166552e6	715474.0
1.733939e6	780571.0
3.158019e6	694148.0
2.339524e6	474036.0
861520.0	517815.0
1.426493e6	551682.0
2.656667e6	808670.0
2.34823e6	478667.0
3.164089e6	661403.0
3.169741e6	655621.0
1.288085e6	487750.0
3.408552e6	567051.0
2.584783e6	600289.0
971494.0	955980.0
1.736196e6	785724.0
1.283703e6	534923.0
2.532607e6	709825.0
2.653117e6	631360.0
2.17444e6	653317.0
2.234018e6	861798.0
1.197669e6	697590.0
1.330377e6	668683.0
2.345185e6	1.011291e6
2.86287e6	595495.0
2.596475e6	769385.0
1.187994e6	533110.0
1.331245e6	475885.0
1.843803e6	643676.0
2.229939e6	526246.0
2.785126e6	644934.0
2.465445e6	703384.0
1.434218e6	530809.0
1.386066e6	794826.0
1.23633e6	559608.0
3.41531e6	678255.0
2.838434e6	518490.0
1.427355e6	766476.0
2.840311e6	572278.0
3.600664e6	485628.0
3.09443e6	1.05707e6
2.521992e6	969678.0
2.529719e6	1.030631e6
2.982131e6	757994.0
908504.0	693739.0
1.723315e6	618406.0
1.156582e6	534610.0
3.113215e6	539284.0
2.118608e6	508787.0
2.77407e6	453231.0
999797.0	656510.0
1.737226e6	462767.0
1.346566e6	550943.0
2.661153e6	527514.0
1.893783e6	317420.0
553348.0	403866.0
1.063109e6	399506.0
2.168803e6	638539.0
1.888893e6	324837.0
2.658476e6	409697.0
2.65944e6	412044.0
938007.0	314483.0
2.899745e6	392783.0
2.115954e6	445052.0
652933.0	703473.0
1.340091e6	554391.0
937135.0	371252.0
2.060139e6	521464.0
2.170465e6	372568.0
1.736125e6	472373.0
1.788426e6	673787.0
857906.0	540214.0
979298.0	408692.0
1.882617e6	824721.0
2.469809e6	365883.0
2.108688e6	667126.0
851353.0	310870.0
979810.0	355260.0
1.432375e6	435217.0
1.789979e6	348934.0
2.281254e6	500439.0
2.006779e6	547057.0
1.067225e6	324680.0
1.018741e6	589587.0
891659.0	427726.0
2.913551e6	550372.0
2.349133e6	266584.0
1.071334e6	579912.0
2.351407e6	383197.0
3.11706e6	366601.0
2.595044e6	806045.0
2.059403e6	811564.0
2.059261e6	863044.0
2.473801e6	501831.0
598465.0	539590.0
1.380452e6	422465.0
