4.508045e6	3.909579e6
2.347925e6	3.922485e6
3.713042e6	3.767187e6
2.832588e6	3.921502e6
4.50306e6	3.768852e6
4.159324e6	3.995686e6
4.435076e6	3.820763e6
2.990832e6	3.796899e6
3.982137e6	3.946328e6
4.707148e6	4.182656e6
4.533885e6	3.912873e6
3.63816e6	3.691575e6
3.978079e6	4.227773e6
2.990823e6	4.055109e6
2.99678e6	4.05791e6
4.583537e6	4.015056e6
2.651999e6	4.111403e6
3.713064e6	4.056548e6
4.637184e6	3.703339e6
4.431018e6	3.996202e6
4.583923e6	4.244084e6
3.78155e6	3.885367e6
3.644527e6	4.006519e6
4.156431e6	3.9919e6
4.097331e6	3.846671e6
4.613976e6	3.816674e6
4.570564e6	4.041471e6
3.983262e6	3.727997e6
3.244385e6	3.955827e6
3.714725e6	3.88545e6
4.594779e6	4.068505e6
4.569785e6	3.978993e6
4.385133e6	4.071187e6
4.102363e6	4.144171e6
3.485149e6	4.129837e6
3.859449e6	3.81048e6
4.532586e6	4.035601e6
4.551894e6	3.802135e6
4.592208e6	3.946974e6
2.629568e6	3.807658e6
3.411809e6	4.062605e6
4.538759e6	3.769843e6
3.407908e6	3.919102e6
2.350371e6	4.002713e6
3.079904e6	3.670312e6
3.788037e6	3.582262e6
3.779128e6	3.752105e6
3.248594e6	3.775926e6
4.673727e6	3.905482e6
4.40508e6	4.066506e6
3.286564e6	2.578954e6
811984.0	2.639384e6
1.967172e6	2.431362e6
1.165254e6	2.902306e6
3.448943e6	2.514953e6
2.5009e6	2.845262e6
3.053808e6	2.715776e6
1.298589e6	2.334135e6
2.28281e6	3.028574e6
3.9758e6	2.828549e6
3.402285e6	2.802421e6
1.904554e6	2.782487e6
2.27507e6	3.062022e6
1.289872e6	2.92587e6
1.292733e6	2.905947e6
3.556185e6	3.059871e6
1.027069e6	3.018349e6
1.991143e6	3.025835e6
3.85116e6	2.392038e6
3.053788e6	2.747352e6
3.557062e6	3.00925e6
2.055458e6	2.873093e6
1.910081e6	2.895953e6
2.501675e6	2.817808e6
2.434537e6	2.733798e6
3.617449e6	2.860671e6
3.501298e6	2.942664e6
2.2858e6	2.419335e6
1.533011e6	2.874765e6
1.97511e6	2.597869e6
3.649271e6	3.117001e6
3.508795e6	2.981034e6
2.925167e6	2.857448e6
2.423366e6	3.064816e6
1.757738e6	2.778622e6
2.102149e6	2.353934e6
3.400079e6	2.91021e6
3.451532e6	2.723399e6
3.597194e6	2.795352e6
1.012139e6	2.680376e6
1.670692e6	3.000153e6
3.402666e6	2.780285e6
1.669704e6	2.837432e6
792423.0	2.976189e6
1.375027e6	2.344176e6
2.056833e6	2.345239e6
2.053529e6	2.552687e6
1.523108e6	2.477247e6
3.918522e6	2.833717e6
2.989179e6	2.826258e6
157440.0	3.384018e6
2418.0	3.376728e6
3468.0	3.203923e6
2781.0	3.559201e6
321699.0	3.329912e6
13115.0	3.659644e6
82402.0	3.328312e6
2418.0	3.229258e6
6526.0	3.623417e6
617390.0	3.649013e6
206482.0	3.444433e6
2867.0	3.324129e6
7043.0	3.827546e6
2418.0	3.487892e6
2548.0	3.483609e6
298104.0	3.61934e6
2542.0	3.706367e6
3850.0	3.594482e6
549442.0	3.159258e6
81704.0	3.482316e6
307933.0	3.807141e6
3509.0	3.576213e6
3246.0	3.439974e6
13125.0	3.591174e6
13084.0	3.413873e6
437835.0	3.517457e6
259908.0	3.462473e6
8148.0	3.206562e6
2668.0	3.378865e6
3312.0	3.484303e6
376329.0	3.61566e6
270176.0	3.715208e6
55714.0	3.456716e6
12801.0	3.674343e6
2473.0	3.519803e6
5607.0	3.253867e6
215108.0	3.515381e6
229076.0	3.364624e6
331068.0	3.491771e6
2595.0	3.442257e6
2559.0	3.565672e6
212133.0	3.30466e6
3030.0	3.384283e6
2418.0	3.739357e6
2801.0	3.176371e6
4791.0	3.103805e6
3710.0	3.321028e6
2525.0	3.218735e6
596546.0	3.579727e6
64133.0	3.481236e6
2.38056e6	2.604837e6
218170.0	2.651518e6
1.064954e6	2.412292e6
422772.0	2.942919e6
2.622813e6	2.718652e6
1.538651e6	2.79773e6
2.10949e6	2.717608e6
510583.0	2.417841e6
1.318252e6	3.017256e6
3.293008e6	3.068347e6
2.519116e6	2.821044e6
992442.0	2.569276e6
1.325132e6	3.132882e6
507127.0	2.918918e6
511116.0	2.918189e6
2.718918e6	3.107396e6
344654.0	3.144394e6
1.05136e6	2.898115e6
3.136571e6	2.219706e6
2.098823e6	2.632919e6
2.721703e6	3.13023e6
1.112661e6	2.896898e6
982987.0	2.865952e6
1.530615e6	2.900383e6
1.450897e6	2.646581e6
2.852104e6	2.817145e6
2.652021e6	2.90093e6
1.314186e6	2.234015e6
684635.0	2.913634e6
1.06177e6	2.48812e6
2.851013e6	3.176344e6
2.643615e6	3.014321e6
1.969841e6	3.010806e6
1.454385e6	3.251648e6
862956.0	2.999319e6
1.191374e6	2.429569e6
2.517621e6	2.904506e6
2.580763e6	2.6115e6
2.783134e6	2.838565e6
335019.0	2.759934e6
800715.0	2.966641e6
2.518794e6	2.644657e6
800616.0	2.859346e6
220109.0	3.031735e6
575656.0	2.20346e6
1.113935e6	2.336043e6
1.118584e6	2.40786e6
682533.0	2.44363e6
3.230885e6	2.910319e6
2.025516e6	2.945394e6
3.835807e6	2.676982e6
1.449442e6	2.678794e6
2.721586e6	2.457438e6
1.868879e6	3.062099e6
3.910882e6	2.69547e6
3.216723e6	2.986583e6
3.65954e6	2.782766e6
2.016025e6	2.434185e6
2.994873e6	3.15296e6
4.293946e6	2.944529e6
3.907283e6	2.874728e6
2.636822e6	2.706438e6
3.026651e6	3.113532e6
2.015894e6	2.899032e6
2.021167e6	2.897761e6
4.132574e6	3.10132e6
1.706993e6	3.173139e6
2.720715e6	2.908432e6
4.208782e6	2.314498e6
3.663977e6	2.734887e6
4.011878e6	3.059639e6
2.7935e6	3.03012e6
2.654019e6	2.876235e6
3.213863e6	2.929895e6
3.151477e6	2.776451e6
4.029984e6	2.930121e6
3.981692e6	2.904471e6
3.021635e6	2.333175e6
2.253562e6	2.847177e6
2.724498e6	2.687596e6
4.071261e6	3.118846e6
3.977063e6	3.211639e6
3.568152e6	2.882587e6
3.153973e6	3.126864e6
2.490137e6	2.907732e6
2.871068e6	2.459253e6
3.916644e6	2.944494e6
3.938653e6	2.793766e6
4.047187e6	2.909123e6
1.693531e6	2.817467e6
2.419068e6	2.970694e6
3.904708e6	2.74146e6
2.406787e6	2.843316e6
1.451959e6	3.222744e6
2.094643e6	2.294256e6
2.796702e6	2.397463e6
2.803887e6	2.562313e6
2.258492e6	2.486005e6
4.254174e6	3.03775e6
3.578726e6	2.887841e6
26955.0	3.816259e6
1459.0	3.851029e6
1459.0	3.617545e6
1750.0	3.794167e6
88377.0	3.542416e6
3878.0	3.893871e6
12985.0	3.630283e6
1459.0	3.612675e6
1840.0	3.918449e6
195068.0	4.06816e6
41937.0	3.838355e6
2247.0	3.61216e6
2270.0	4.096475e6
1585.0	3.987358e6
1870.0	3.991028e6
74660.0	3.979928e6
1459.0	3.989665e6
1467.0	3.962112e6
172528.0	3.538526e6
14113.0	3.928206e6
75078.0	4.086326e6
2076.0	3.704244e6
1529.0	3.941953e6
3842.0	3.962078e6
2406.0	3.630078e6
125133.0	3.717902e6
64654.0	3.970929e6
2643.0	3.482434e6
1712.0	3.890623e6
1459.0	3.662401e6
110355.0	4.029106e6
59035.0	3.908861e6
6094.0	3.986899e6
3122.0	4.105509e6
1646.0	3.992612e6
1650.0	3.61757e6
49071.0	3.961397e6
56148.0	3.615079e6
89105.0	3.842568e6
1750.0	3.669843e6
1677.0	3.938473e6
49667.0	3.595994e6
1459.0	3.854013e6
1606.0	3.912663e6
1459.0	3.462441e6
1755.0	3.37157e6
2209.0	3.561427e6
2020.0	3.647038e6
186858.0	3.697446e6
10869.0	4.000372e6
1.213578e6	3.113017e6
6728.0	3.140174e6
233050.0	2.988715e6
34779.0	3.209195e6
1.535331e6	2.945575e6
517081.0	3.171932e6
968620.0	3.054931e6
43483.0	2.986229e6
379012.0	3.403222e6
2.185807e6	3.232627e6
1.347248e6	3.264648e6
203869.0	3.070979e6
372940.0	3.494808e6
41711.0	3.137144e6
42815.0	3.148213e6
1.559297e6	3.465311e6
23273.0	3.395336e6
233261.0	3.151935e6
2.037786e6	2.755004e6
948488.0	3.080291e6
1.553203e6	3.449469e6
266032.0	3.133453e6
203387.0	3.18448e6
524079.0	3.281165e6
485392.0	2.890521e6
1.775383e6	3.270701e6
1.486153e6	3.199332e6
378841.0	2.773982e6
88098.0	3.290511e6
235846.0	2.925249e6
1.714066e6	3.433603e6
1.48095e6	3.370088e6
845338.0	3.175331e6
475001.0	3.36176e6
144439.0	3.176555e6
127482.0	2.987145e6
1.358588e6	3.238251e6
1.410974e6	2.975315e6
1.623434e6	3.238986e6
16553.0	3.118105e6
124098.0	3.385e6
1.354798e6	3.111511e6
126688.0	3.306384e6
7294.0	3.361142e6
59322.0	2.770591e6
263663.0	2.782086e6
267300.0	2.868756e6
90353.0	2.992066e6
2.135558e6	3.129003e6
896560.0	3.179679e6
644916.0	2.349092e6
1554.0	2.39268e6
48559.0	2.202281e6
4964.0	2.576535e6
929883.0	2.202616e6
175825.0	2.523053e6
445264.0	2.39277e6
3488.0	2.113675e6
99234.0	2.718425e6
1.482153e6	2.504643e6
743710.0	2.511196e6
35759.0	2.463974e6
105187.0	2.736224e6
4575.0	2.557078e6
5176.0	2.53816e6
925949.0	2.75231e6
3124.0	2.721234e6
45680.0	2.675938e6
1.362694e6	2.119217e6
455418.0	2.416532e6
921487.0	2.727881e6
55596.0	2.551451e6
36180.0	2.5345e6
173943.0	2.567282e6
146379.0	2.408543e6
1.141465e6	2.56875e6
856266.0	2.606918e6
105500.0	2.070714e6
10486.0	2.569804e6
49507.0	2.364868e6
1.074294e6	2.80446e6
865479.0	2.69147e6
365931.0	2.5052e6
141277.0	2.715306e6
53814.0	2.435617e6
73220.0	2.111833e6
749779.0	2.605304e6
793089.0	2.388073e6
984887.0	2.507298e6
1820.0	2.40281e6
20288.0	2.66161e6
755575.0	2.491953e6
15890.0	2.533756e6
1722.0	2.685569e6
5180.0	2.063481e6
57852.0	2.119252e6
56578.0	2.321807e6
9299.0	2.191763e6
1.440573e6	2.510473e6
403674.0	2.466093e6
635755.0	3.873481e6
2461.0	3.892636e6
46588.0	3.735734e6
4256.0	3.869789e6
933664.0	3.744281e6
167607.0	4.003298e6
449483.0	3.787163e6
4697.0	3.764139e6
107190.0	3.993048e6
1.482652e6	4.130491e6
755367.0	3.968133e6
36003.0	3.769947e6
93121.0	4.243641e6
4952.0	4.003243e6
4975.0	4.005943e6
920949.0	4.017563e6
4322.0	4.10035e6
48649.0	4.015505e6
1.351402e6	3.685415e6
444509.0	3.943298e6
926985.0	4.227283e6
56217.0	3.930659e6
37055.0	3.950874e6
162959.0	3.946621e6
146048.0	3.864006e6
1.144072e6	3.887634e6
866261.0	3.987297e6
94531.0	3.737e6
11469.0	3.902436e6
48405.0	3.965867e6
1.062756e6	4.004645e6
862809.0	4.079885e6
376543.0	4.027535e6
143372.0	4.089228e6
3631.0	4.090557e6
68238.0	3.777234e6
746522.0	3.96846e6
809100.0	3.803824e6
987215.0	3.997375e6
3233.0	3.880134e6
16661.0	3.996172e6
750012.0	3.706822e6
15716.0	3.924583e6
2383.0	4.102058e6
6806.0	3.660443e6
52870.0	3.546748e6
61173.0	3.744479e6
10037.0	3.748779e6
1.442896e6	3.951002e6
411255.0	4.018576e6
2.914401e6	3.412124e6
504188.0	3.391411e6
1.551617e6	3.22481e6
815728.0	3.665049e6
3.099659e6	3.34958e6
2.080077e6	3.64436e6
2.765861e6	3.38375e6
934978.0	3.285222e6
1.859959e6	3.864506e6
3.703283e6	3.81157e6
3.032109e6	3.608523e6
1.480069e6	3.455099e6
1.860506e6	3.783631e6
925752.0	3.788247e6
937465.0	3.774923e6
3.205101e6	3.827127e6
697955.0	3.833282e6
1.569071e6	3.760219e6
3.56719e6	3.165654e6
2.498398e6	3.517852e6
3.210185e6	3.77968e6
1.636495e6	3.67425e6
1.491288e6	3.752056e6
2.071406e6	3.664067e6
2.009535e6	3.523084e6
3.301008e6	3.614143e6
3.151008e6	3.723577e6
1.8611e6	3.205121e6
1.129263e6	3.652292e6
1.554003e6	3.468283e6
3.329999e6	3.861308e6
3.149219e6	3.824959e6
2.509017e6	3.678375e6
2.000725e6	3.871207e6
1.337042e6	3.66114e6
1.703312e6	3.310011e6
3.03597e6	3.831474e6
3.088141e6	3.436004e6
3.258039e6	3.6176e6
676052.0	3.542502e6
1.31209e6	3.900116e6
3.028872e6	3.348238e6
1.230124e6	3.628019e6
509811.0	3.834745e6
1.012647e6	3.16154e6
1.63313e6	3.04658e6
1.635069e6	3.290507e6
1.138887e6	3.226846e6
3.643038e6	3.668595e6
2.577302e6	3.722456e6
1.601445e6	2.321935e6
29968.0	2.333004e6
429748.0	2.15315e6
100591.0	2.658929e6
1.901169e6	2.40054e6
802612.0	2.525376e6
1.311682e6	2.500591e6
136279.0	2.128543e6
651200.0	2.690678e6
2.587168e6	2.511813e6
1.741364e6	2.547484e6
398439.0	2.418065e6
638856.0	2.706482e6
145074.0	2.543577e6
142333.0	2.557628e6
1.949595e6	2.735374e6
68851.0	2.711717e6
447830.0	2.591229e6
2.429688e6	2.026403e6
1.310246e6	2.322678e6
1.942744e6	2.672124e6
494772.0	2.604893e6
403009.0	2.545463e6
809812.0	2.487679e6
757830.0	2.422761e6
2.143986e6	2.503397e6
1.88053e6	2.556006e6
635748.0	2.044111e6
215864.0	2.548237e6
444770.0	2.202219e6
2.104244e6	2.749532e6
1.869791e6	2.694705e6
1.184126e6	2.580096e6
747860.0	2.74139e6
316517.0	2.551796e6
536166.0	2.157555e6
1.739079e6	2.482206e6
1.805652e6	2.459257e6
2.024769e6	2.569561e6
57808.0	2.412625e6
284894.0	2.524322e6
1.723254e6	2.464812e6
279124.0	2.554075e6
29726.0	2.713048e6
158672.0	2.050774e6
506716.0	2.131755e6
490130.0	2.170599e6
218144.0	2.176407e6
2.524047e6	2.57618e6
1.248751e6	2.560767e6
111774.0	2.665363e6
1471.0	2.683363e6
2471.0	2.50409e6
1913.0	2.981382e6
248874.0	2.582013e6
10467.0	2.982306e6
60037.0	2.717595e6
1471.0	2.424839e6
5535.0	3.090795e6
493554.0	2.803542e6
150808.0	2.835123e6
2367.0	2.830532e6
4914.0	3.123547e6
1972.0	2.877737e6
1974.0	2.854159e6
221478.0	3.121781e6
1471.0	3.083367e6
2103.0	3.014985e6
441711.0	2.488012e6
55885.0	2.83995e6
224057.0	3.071432e6
2681.0	2.951794e6
2580.0	2.878317e6
9551.0	2.956797e6
6657.0	2.799528e6
342882.0	2.944796e6
206401.0	2.923699e6
4719.0	2.528424e6
1857.0	2.830143e6
2584.0	2.778283e6
299707.0	3.132721e6
199702.0	3.075742e6
36203.0	2.722695e6
7791.0	3.012656e6
1705.0	2.725013e6
3455.0	2.44321e6
153707.0	2.951096e6
172102.0	2.772624e6
252861.0	2.821951e6
1913.0	2.76503e6
1833.0	3.021253e6
155511.0	2.797755e6
2295.0	2.825314e6
1697.0	3.07193e6
1899.0	2.454631e6
3216.0	2.43469e6
3187.0	2.710779e6
2092.0	2.554907e6
477440.0	2.925734e6
46335.0	2.761205e6
299033.0	3.254539e6
1308.0	3.286253e6
5992.0	3.074741e6
1750.0	3.366147e6
517464.0	3.153715e6
40742.0	3.352396e6
177238.0	3.21594e6
1209.0	3.106108e6
22995.0	3.374063e6
899070.0	3.355494e6
353099.0	3.27068e6
5408.0	3.131371e6
20749.0	3.571388e6
1621.0	3.23292e6
1917.0	3.246512e6
484549.0	3.43671e6
2048.0	3.50284e6
5960.0	3.224804e6
804074.0	2.947254e6
172711.0	3.195803e6
478963.0	3.55161e6
11637.0	3.343803e6
5582.0	3.243356e6
41180.0	3.420477e6
30396.0	3.117161e6
661345.0	3.338805e6
448036.0	3.260126e6
21954.0	2.9646e6
1839.0	3.29309e6
7741.0	3.128071e6
595857.0	3.457414e6
433244.0	3.421704e6
133225.0	3.317548e6
33468.0	3.471878e6
2917.0	3.317627e6
11173.0	3.122018e6
355597.0	3.248433e6
388386.0	3.167945e6
516989.0	3.315672e6
1750.0	3.203949e6
3032.0	3.418082e6
356332.0	3.184502e6
2051.0	3.27504e6
1564.0	3.440094e6
1626.0	2.991724e6
8018.0	2.99949e6
10165.0	3.09378e6
2449.0	3.086009e6
873349.0	3.342876e6
142282.0	3.271596e6
746347.0	3.132781e6
1440.0	3.149224e6
64193.0	2.839767e6
6555.0	3.27008e6
1.057099e6	2.800641e6
220100.0	3.288997e6
536631.0	3.058215e6
6057.0	2.840578e6
140677.0	3.47814e6
1.627109e6	3.196023e6
868978.0	3.294372e6
54344.0	3.105289e6
141383.0	3.501701e6
7180.0	3.343449e6
6805.0	3.348711e6
1.05158e6	3.532678e6
4758.0	3.420649e6
65934.0	3.303894e6
1.495797e6	2.788242e6
531120.0	3.179596e6
1.050563e6	3.448141e6
81754.0	3.209046e6
55162.0	3.366256e6
233903.0	3.332429e6
187285.0	3.020383e6
1.260892e6	3.22813e6
991529.0	3.389664e6
139820.0	2.763217e6
13673.0	3.33713e6
68980.0	3.000746e6
1.191812e6	3.545183e6
985992.0	3.416744e6
442341.0	3.216552e6
194479.0	3.435898e6
34484.0	3.173817e6
93688.0	2.854365e6
859570.0	3.312175e6
906059.0	3.118571e6
1.114782e6	3.247734e6
2663.0	3.003103e6
23804.0	3.47941e6
857078.0	3.17669e6
26137.0	3.313038e6
1532.0	3.401567e6
8913.0	2.755862e6
78368.0	2.677416e6
79829.0	2.912461e6
15293.0	2.895001e6
1.5847e6	3.16979e6
478159.0	3.287042e6
4.093797e6	3.099858e6
1.703656e6	3.052184e6
3.030671e6	2.914438e6
2.152649e6	3.221659e6
4.142918e6	2.794674e6
3.538294e6	3.243487e6
3.946853e6	3.047268e6
2.311413e6	2.982718e6
3.325771e6	3.477644e6
4.483269e6	3.157676e6
4.145286e6	3.3758e6
2.966858e6	3.111644e6
3.326049e6	3.515452e6
2.307432e6	3.139293e6
2.309231e6	3.137421e6
4.244751e6	3.439942e6
1.98525e6	3.367816e6
3.034359e6	3.195277e6
4.410166e6	2.619261e6
3.955853e6	3.059373e6
4.240766e6	3.449351e6
3.112028e6	3.11739e6
2.962645e6	3.209582e6
3.533235e6	3.252045e6
3.472839e6	2.919814e6
4.239573e6	3.25488e6
4.218333e6	3.197583e6
3.332553e6	2.708282e6
2.559845e6	3.204551e6
3.038373e6	3.058891e6
4.277148e6	3.378463e6
4.219387e6	3.488385e6
3.866723e6	3.123656e6
3.465484e6	3.302911e6
2.80952e6	3.198702e6
3.186809e6	3.003859e6
4.162755e6	3.167385e6
4.186587e6	3.006132e6
4.123609e6	3.377379e6
1.962912e6	3.041322e6
2.726935e6	3.313212e6
4.166491e6	3.130329e6
2.729354e6	3.278742e6
1.691768e6	3.475472e6
2.390695e6	2.697775e6
3.116785e6	2.704154e6
3.11869e6	2.846953e6
2.555898e6	2.833044e6
4.440198e6	3.130858e6
3.898878e6	3.168275e6
219801.0	3.114933e6
1276.0	3.153229e6
4331.0	3.011847e6
1799.0	3.29703e6
415380.0	3.097276e6
25258.0	3.282836e6
130880.0	3.109378e6
1258.0	3.017295e6
11899.0	3.419297e6
754782.0	3.308871e6
293607.0	3.235046e6
4171.0	3.127164e6
13560.0	3.503242e6
1705.0	3.126792e6
1895.0	3.118577e6
388253.0	3.45673e6
1505.0	3.444304e6
2868.0	3.226701e6
680930.0	2.917508e6
123115.0	3.149157e6
382691.0	3.466016e6
7164.0	3.268822e6
4052.0	3.100169e6
26410.0	3.318928e6
19047.0	3.040195e6
545083.0	3.359508e6
342534.0	3.151918e6
12740.0	2.925073e6
1729.0	3.217442e6
3331.0	3.067816e6
483683.0	3.413341e6
346352.0	3.420514e6
91658.0	3.188921e6
23363.0	3.381871e6
2622.0	3.189455e6
7272.0	3.026662e6
271971.0	3.221592e6
317033.0	3.053376e6
424486.0	3.228007e6
1779.0	3.226967e6
2183.0	3.346207e6
275174.0	3.146644e6
2256.0	3.257228e6
1530.0	3.418057e6
1494.0	2.893025e6
5911.0	2.915475e6
6718.0	3.026328e6
2081.0	2.994835e6
730789.0	3.267056e6
104439.0	3.132615e6
118957.0	3.511574e6
345.0	3.50032e6
1386.0	3.326549e6
1820.0	3.466421e6
259301.0	3.302885e6
9690.0	3.479977e6
56975.0	3.384683e6
400.0	3.425278e6
4005.0	3.755469e6
493544.0	3.851497e6
159385.0	3.731549e6
2203.0	3.511828e6
4703.0	3.76071e6
443.0	3.732383e6
1739.0	3.733246e6
233688.0	3.824637e6
432.0	3.702853e6
1710.0	3.786347e6
436127.0	3.21699e6
58124.0	3.513157e6
231953.0	3.800423e6
2869.0	3.453517e6
929.0	3.693176e6
10792.0	3.643349e6
7590.0	3.401146e6
351471.0	3.621268e6
201303.0	3.75031e6
4493.0	3.174486e6
1641.0	3.700638e6
1312.0	3.52594e6
303453.0	3.809747e6
202857.0	3.771797e6
34779.0	3.73589e6
9415.0	3.832109e6
557.0	3.75795e6
2856.0	3.42671e6
157705.0	3.758324e6
176447.0	3.38601e6
253051.0	3.724326e6
1703.0	3.593477e6
384.0	3.768909e6
159213.0	3.430123e6
851.0	3.721325e6
409.0	3.776229e6
1169.0	3.186144e6
1402.0	3.141413e6
2327.0	3.295947e6
1703.0	3.280444e6
479795.0	3.478363e6
48810.0	3.744842e6
2.640429e6	3.909415e6
346828.0	3.944963e6
1.312074e6	3.758903e6
606838.0	3.906449e6
2.861351e6	3.735758e6
1.812624e6	3.999368e6
2.375932e6	3.797255e6
709063.0	3.771379e6
1.592529e6	3.985002e6
3.504854e6	4.214129e6
2.773676e6	3.914854e6
1.231177e6	3.699466e6
1.57761e6	4.207005e6
708972.0	4.084694e6
707984.0	4.085813e6
2.964759e6	4.048064e6
512199.0	4.093119e6
1.308468e6	4.093506e6
3.366569e6	3.718822e6
2.367516e6	4.023701e6
2.96921e6	4.221306e6
1.373579e6	3.843881e6
1.230525e6	4.036451e6
1.804832e6	4.026632e6
1.721388e6	3.796915e6
3.074609e6	3.811656e6
2.90108e6	4.068318e6
1.581491e6	3.721978e6
908925.0	3.984596e6
1.301379e6	3.832493e6
3.088526e6	4.101429e6
2.899722e6	3.956255e6
2.128473e6	4.095243e6
1.719655e6	4.179024e6
1.100588e6	4.148281e6
1.447923e6	3.783859e6
2.780417e6	4.070516e6
2.842044e6	3.782608e6
3.022304e6	3.920182e6
483345.0	3.785392e6
1.030416e6	4.100302e6
2.770443e6	3.750343e6
1.037455e6	3.950011e6
349735.0	3.963217e6
800104.0	3.680101e6
1.382022e6	3.578479e6
1.3662e6	3.733607e6
884259.0	3.785166e6
3.439307e6	3.860192e6
2.294438e6	4.093343e6
2.248422e6	2.780765e6
169441.0	2.773975e6
933564.0	2.58492e6
355903.0	2.969445e6
2.517852e6	2.572896e6
1.39724e6	2.991874e6
1.970752e6	2.768019e6
442035.0	2.547067e6
1.193514e6	3.114354e6
3.188506e6	2.80816e6
2.397551e6	2.931117e6
885779.0	2.879857e6
1.206445e6	3.118316e6
434879.0	2.928007e6
446577.0	2.914834e6
2.583091e6	3.146043e6
287149.0	3.07393e6
938274.0	2.989333e6
3.027301e6	2.510202e6
1.975697e6	2.850265e6
2.593433e6	3.076764e6
1.005158e6	2.937658e6
868383.0	2.939681e6
1.401248e6	2.999058e6
1.336262e6	2.7783e6
2.744865e6	2.970421e6
2.534124e6	2.998498e6
1.203898e6	2.565811e6
596631.0	2.916731e6
941384.0	2.772745e6
2.737553e6	3.156994e6
2.53057e6	3.097961e6
1.822835e6	2.78891e6
1.347197e6	3.031033e6
758503.0	2.829642e6
1.074023e6	2.573332e6
2.385505e6	2.935101e6
2.466925e6	2.830982e6
2.652565e6	2.918375e6
268152.0	2.757017e6
692620.0	3.035444e6
2.392461e6	2.888014e6
704043.0	2.913826e6
177301.0	3.093679e6
495272.0	2.543334e6
1.005793e6	2.516311e6
1.000091e6	2.73069e6
581332.0	2.61602e6
3.121535e6	2.912398e6
1.897587e6	2.839465e6
4.475341e6	3.506587e6
2.404942e6	3.461393e6
3.729303e6	3.398298e6
2.870834e6	3.568983e6
4.460245e6	3.269569e6
4.158e6	3.625399e6
4.400854e6	3.390264e6
3.035855e6	3.389785e6
3.988639e6	3.82039e6
4.655675e6	3.616266e6
4.500445e6	3.687534e6
3.665714e6	3.427066e6
3.994953e6	3.76036e6
3.034137e6	3.666651e6
3.038534e6	3.646013e6
4.536304e6	3.789637e6
2.70038e6	3.695018e6
3.730995e6	3.664613e6
4.616951e6	3.191939e6
4.412886e6	3.587938e6
4.541281e6	3.679557e6
3.7982e6	3.481769e6
3.659608e6	3.703365e6
4.152957e6	3.636366e6
4.108499e6	3.354299e6
4.500543e6	3.557349e6
4.518641e6	3.658391e6
3.989778e6	3.192597e6
3.283559e6	3.673761e6
3.726881e6	3.414507e6
4.541753e6	3.763982e6
4.519491e6	3.76183e6
4.372648e6	3.511608e6
4.10647e6	3.641858e6
3.513069e6	3.480112e6
3.870106e6	3.384027e6
4.492055e6	3.811007e6
4.507038e6	3.395935e6
4.545344e6	3.640497e6
2.678343e6	3.493547e6
3.443435e6	3.80198e6
4.497984e6	3.473825e6
3.443186e6	3.677876e6
2.401862e6	3.750252e6
3.118526e6	3.151992e6
3.800358e6	3.11586e6
3.80349e6	3.266358e6
3.283843e6	3.421867e6
4.630511e6	3.453684e6
4.386983e6	3.584491e6
4.559978e6	2.872526e6
2.544865e6	2.883659e6
3.888878e6	2.698258e6
3.024466e6	3.023789e6
4.533672e6	2.684194e6
4.302643e6	2.99962e6
4.513526e6	2.869992e6
3.190921e6	2.661035e6
4.139898e6	3.142e6
4.700067e6	2.861702e6
4.583295e6	2.993058e6
3.816007e6	2.929641e6
4.146996e6	3.161085e6
3.191043e6	2.942839e6
3.193986e6	2.951143e6
4.607737e6	3.177834e6
2.855467e6	3.104154e6
3.885378e6	2.979742e6
4.626102e6	2.599969e6
4.51511e6	2.906938e6
4.613706e6	3.135142e6
3.956184e6	2.978037e6
3.818545e6	2.927e6
4.298129e6	3.058773e6
4.253052e6	2.828207e6
4.592723e6	3.023929e6
4.5997e6	2.96695e6
4.144013e6	2.636231e6
3.442479e6	2.936414e6
3.887578e6	2.834857e6
4.620056e6	3.121446e6
4.598466e6	3.138064e6
4.486649e6	2.884825e6
4.248176e6	3.087792e6
3.672653e6	2.9061e6
4.02314e6	2.685913e6
4.580125e6	2.884771e6
4.592176e6	2.880002e6
4.620764e6	2.988263e6
2.834316e6	2.822437e6
3.599743e6	2.992822e6
4.580663e6	2.916479e6
3.599778e6	2.993168e6
2.547526e6	3.134813e6
3.276851e6	2.613622e6
3.957681e6	2.62654e6
3.957625e6	2.794085e6
3.443588e6	2.694172e6
4.663311e6	2.974983e6
4.501542e6	2.916929e6
1.090202e6	2.876037e6
4136.0	2.854662e6
183329.0	2.558623e6
19918.0	3.055483e6
1.423247e6	2.635025e6
423970.0	2.988518e6
851712.0	2.86813e6
30269.0	2.617367e6
316312.0	3.140214e6
2.048929e6	2.890066e6
1.2147e6	2.993875e6
156385.0	2.869704e6
297905.0	3.149282e6
26751.0	3.010875e6
28955.0	3.015474e6
1.426639e6	3.175468e6
13446.0	3.132554e6
180214.0	2.94869e6
1.903443e6	2.513716e6
835567.0	2.894227e6
1.42183e6	3.13338e6
81983.0	3.01615e6
155313.0	3.051589e6
430887.0	3.060544e6
387719.0	2.839359e6
1.63675e6	2.982215e6
1.36844e6	3.067895e6
312106.0	2.60152e6
66235.0	2.969551e6
182880.0	2.795575e6
1.586276e6	3.193414e6
1.376486e6	3.120107e6
729442.0	2.922309e6
373981.0	3.106841e6
109090.0	2.933239e6
249091.0	2.653045e6
1.220038e6	2.960356e6
1.284967e6	2.925977e6
1.494571e6	2.977338e6
9033.0	2.745577e6
88154.0	3.122939e6
1.21882e6	2.936793e6
91758.0	2.978593e6
3477.0	3.114337e6
36075.0	2.582583e6
394122.0	2.520038e6
62445.0	2.752867e6
63123.0	2.577054e6
1.993124e6	2.977138e6
783296.0	2.956515e6
4.420651e6	3.214497e6
2.366216e6	3.20077e6
3.683015e6	2.923953e6
2.832987e6	3.312529e6
4.427127e6	2.886789e6
4.108992e6	3.272573e6
4.36567e6	3.148208e6
2.988982e6	2.978983e6
3.941804e6	3.461895e6
4.61628e6	3.266486e6
4.454938e6	3.348675e6
3.617375e6	3.125467e6
3.942011e6	3.553317e6
2.992581e6	3.254933e6
2.996329e6	3.268618e6
4.501159e6	3.517072e6
2.66233e6	3.472335e6
3.683956e6	3.24412e6
4.565731e6	2.776795e6
4.357432e6	3.184846e6
4.498256e6	3.512179e6
3.751321e6	3.235391e6
3.612177e6	3.265424e6
4.11022e6	3.378449e6
4.05926e6	3.039763e6
4.464876e6	3.265698e6
4.488925e6	3.305988e6
3.941883e6	2.849714e6
3.234536e6	3.288612e6
3.682516e6	3.057038e6
4.513874e6	3.489503e6
4.482147e6	3.433653e6
4.326242e6	3.250628e6
4.04926e6	3.450383e6
3.474829e6	3.297191e6
3.81906e6	3.005922e6
4.46035e6	3.202245e6
4.46981e6	3.123458e6
4.508884e6	3.326237e6
2.64138e6	3.052481e6
3.395038e6	3.392501e6
4.457156e6	3.213406e6
3.39184e6	3.344566e6
2.363775e6	3.427805e6
3.077233e6	2.839017e6
3.751203e6	2.830628e6
3.750992e6	2.990028e6
3.23608e6	2.886072e6
4.59637e6	3.230756e6
4.334287e6	3.298328e6
3.957368e6	3.412053e6
1.757606e6	3.446537e6
3.003673e6	3.273738e6
2.172343e6	3.612157e6
4.058052e6	3.39912e6
3.465917e6	3.494761e6
3.843752e6	3.452641e6
2.331908e6	3.287903e6
3.273107e6	3.731515e6
4.342027e6	3.793963e6
4.021713e6	3.640385e6
2.938159e6	3.413792e6
3.285299e6	3.693227e6
2.333001e6	3.807651e6
2.326903e6	3.807883e6
4.111092e6	3.783183e6
2.021788e6	3.719797e6
3.007801e6	3.757388e6
4.276257e6	3.218134e6
3.850835e6	3.568933e6
4.113181e6	3.642514e6
3.087971e6	3.494359e6
2.933595e6	3.761673e6
3.469529e6	3.546623e6
3.414228e6	3.437775e6
4.107008e6	3.521097e6
4.075988e6	3.766136e6
3.282815e6	3.17556e6
2.562587e6	3.706519e6
3.011636e6	3.264172e6
4.047089e6	3.811396e6
4.088489e6	3.699177e6
3.780911e6	3.75838e6
3.408646e6	3.873446e6
2.789746e6	3.710696e6
3.1544e6	3.335477e6
4.024496e6	3.803772e6
4.048822e6	3.42973e6
4.130679e6	3.640683e6
2.005616e6	3.502349e6
2.714498e6	3.834587e6
4.023056e6	3.395621e6
2.713098e6	3.675658e6
1.748798e6	3.705793e6
2.409142e6	3.090115e6
3.079461e6	3.057044e6
3.081879e6	3.159194e6
2.56484e6	3.312359e6
4.30293e6	3.496865e6
3.801475e6	3.807034e6
33231.0	3.14678e6
1863.0	3.132127e6
2031.0	3.030616e6
1863.0	3.310291e6
90868.0	2.889973e6
3371.0	3.348181e6
15799.0	3.056742e6
1863.0	2.967309e6
2341.0	3.558529e6
195646.0	3.236481e6
49330.0	3.367782e6
2649.0	3.120922e6
2903.0	3.564156e6
2095.0	3.230094e6
1870.0	3.221832e6
80955.0	3.532103e6
1863.0	3.458772e6
1863.0	3.270165e6
172923.0	2.701794e6
13778.0	3.218922e6
76467.0	3.507719e6
2304.0	3.224316e6
2207.0	3.273607e6
4008.0	3.389516e6
2321.0	2.999218e6
134692.0	3.302583e6
64512.0	3.261198e6
3477.0	2.738769e6
1863.0	3.267056e6
2032.0	3.104231e6
108460.0	3.471133e6
67122.0	3.53547e6
9325.0	3.178476e6
3969.0	3.386987e6
1863.0	3.217333e6
1863.0	2.927433e6
48280.0	3.356306e6
54030.0	3.039494e6
86256.0	3.336136e6
1863.0	3.15352e6
1891.0	3.342586e6
46967.0	3.123808e6
2054.0	3.326266e6
1863.0	3.525317e6
1922.0	2.691534e6
2296.0	2.750008e6
2209.0	2.957253e6
2020.0	3.012369e6
188687.0	3.22171e6
13538.0	3.22169e6
4.699117e6	2.760866e6
2.640328e6	2.806005e6
4.028222e6	2.676263e6
3.142099e6	2.949469e6
4.668091e6	2.700369e6
4.453364e6	2.933418e6
4.669511e6	2.728202e6
3.308181e6	2.616643e6
4.287144e6	3.111475e6
4.809777e6	2.904151e6
4.721393e6	2.904994e6
3.954077e6	2.752113e6
4.28601e6	3.218069e6
3.311283e6	2.754339e6
3.306556e6	2.760589e6
4.745388e6	3.175376e6
2.958739e6	3.130847e6
4.026674e6	2.845389e6
4.796206e6	2.375826e6
4.662914e6	2.743763e6
4.748717e6	3.174538e6
4.09432e6	2.917135e6
3.955392e6	2.78054e6
4.448079e6	3.003614e6
4.401117e6	2.605848e6
4.661583e6	2.963626e6
4.738529e6	2.824233e6
4.286959e6	2.355586e6
3.566577e6	2.912079e6
4.025794e6	2.651835e6
4.759519e6	3.144623e6
4.737332e6	3.105686e6
4.637955e6	2.841179e6
4.399702e6	3.085022e6
3.809423e6	2.839933e6
4.163738e6	2.577501e6
4.725848e6	2.839441e6
4.730716e6	2.657001e6
4.75714e6	2.88067e6
2.936462e6	2.870335e6
3.725814e6	2.87996e6
4.722078e6	2.799335e6
3.726222e6	2.947893e6
2.640534e6	3.104321e6
3.396512e6	2.415901e6
4.093032e6	2.546657e6
4.095142e6	2.585475e6
3.566993e6	2.660277e6
4.7852e6	2.914352e6
4.647915e6	2.804147e6
97400.0	3.526574e6
1087.0	3.539274e6
6352.0	3.381474e6
4313.0	3.606333e6
201164.0	3.3839e6
15779.0	3.563579e6
53859.0	3.488518e6
2522.0	3.415138e6
10289.0	3.678741e6
397245.0	3.791176e6
131716.0	3.601078e6
6127.0	3.403987e6
9146.0	3.787853e6
3681.0	3.741196e6
3007.0	3.734743e6
189835.0	3.73546e6
1989.0	3.74789e6
6113.0	3.725479e6
346641.0	3.301995e6
49544.0	3.625705e6
184279.0	3.763819e6
9929.0	3.553303e6
6510.0	3.706425e6
14381.0	3.639986e6
11099.0	3.450506e6
278292.0	3.515045e6
161079.0	3.74084e6
9294.0	3.316461e6
5142.0	3.656454e6
7441.0	3.439492e6
246376.0	3.783015e6
166566.0	3.642383e6
32428.0	3.69709e6
12469.0	3.769311e6
4730.0	3.693906e6
7434.0	3.430045e6
119910.0	3.749115e6
133452.0	3.500218e6
206536.0	3.571536e6
2200.0	3.456805e6
4550.0	3.778625e6
115924.0	3.472837e6
4802.0	3.6287e6
1528.0	3.634545e6
3553.0	3.252748e6
6929.0	3.217317e6
7746.0	3.361456e6
5413.0	3.385955e6
385211.0	3.514507e6
45087.0	3.686369e6
4.495487e6	3.933322e6
2.268499e6	3.941768e6
3.660601e6	3.805369e6
2.762467e6	4.030567e6
4.507157e6	3.813251e6
4.120327e6	4.089884e6
4.418838e6	3.874268e6
2.933724e6	3.825395e6
3.939522e6	4.153884e6
4.713487e6	4.179852e6
4.533962e6	3.977544e6
3.589702e6	3.824207e6
3.944536e6	4.242719e6
2.93566e6	4.093395e6
2.928773e6	4.088953e6
4.541393e6	4.14342e6
2.583263e6	4.142708e6
3.662052e6	4.004459e6
4.660091e6	3.713847e6
4.424046e6	4.051583e6
4.590364e6	4.204586e6
3.731045e6	4.000166e6
3.588775e6	4.058186e6
4.121728e6	4.067928e6
4.067566e6	3.887741e6
4.547202e6	3.966893e6
4.570377e6	4.069104e6
3.937757e6	3.74331e6
3.19191e6	4.007241e6
3.662161e6	3.935954e6
4.59205e6	4.161014e6
4.577804e6	4.106376e6
4.373411e6	4.038401e6
4.064691e6	4.194183e6
3.434664e6	4.057196e6
3.8045e6	3.841049e6
4.541849e6	4.126394e6
4.549017e6	3.88765e6
4.603203e6	3.947103e6
2.561326e6	3.891452e6
3.356815e6	4.174557e6
4.536743e6	3.866799e6
3.359309e6	3.996204e6
2.278736e6	4.098193e6
3.013395e6	3.693372e6
3.735472e6	3.623314e6
3.732758e6	3.797182e6
3.191498e6	3.806512e6
4.687151e6	4.000774e6
4.394475e6	4.078241e6
2.239871e6	3.331305e6
173258.0	3.381491e6
931570.0	3.221708e6
366966.0	3.470235e6
2.506217e6	3.275683e6
1.417769e6	3.60243e6
1.969936e6	3.321315e6
429838.0	3.236134e6
1.198311e6	3.701482e6
3.180034e6	3.709585e6
2.376907e6	3.5135e6
881102.0	3.28512e6
1.201107e6	3.953079e6
435764.0	3.452577e6
433711.0	3.450453e6
2.591207e6	3.715525e6
286729.0	3.755811e6
938546.0	3.510946e6
3.029765e6	3.127716e6
1.960235e6	3.398922e6
2.583174e6	3.914621e6
1.00539e6	3.53473e6
875385.0	3.388719e6
1.407162e6	3.548202e6
1.339439e6	3.306492e6
2.734867e6	3.550301e6
2.515558e6	3.461263e6
1.207527e6	3.142363e6
586632.0	3.477994e6
929569.0	3.465936e6
2.729814e6	3.707278e6
2.520626e6	3.779576e6
1.822373e6	3.530456e6
1.344995e6	3.741945e6
748826.0	3.569783e6
1.070334e6	3.246012e6
2.387024e6	3.510009e6
2.43462e6	3.257701e6
2.662461e6	3.545229e6
268235.0	3.462232e6
700331.0	3.640773e6
2.389231e6	3.247401e6
694039.0	3.493857e6
166940.0	3.797736e6
482880.0	3.036664e6
1.006576e6	2.981933e6
1.005426e6	3.161644e6
588002.0	3.214164e6
3.117123e6	3.571225e6
1.907931e6	3.470342e6
975306.0	3.139998e6
4080.0	3.160498e6
87313.0	2.831706e6
14635.0	3.306404e6
1.275156e6	2.873713e6
340886.0	3.162827e6
740259.0	3.1461e6
18049.0	2.937674e6
246446.0	3.457693e6
1.917506e6	3.333362e6
1.096377e6	3.312718e6
121650.0	3.01326e6
248474.0	3.404758e6
19013.0	3.411788e6
20397.0	3.426375e6
1.299358e6	3.518454e6
9555.0	3.446072e6
59879.0	3.289079e6
1.772629e6	2.642871e6
745755.0	3.073482e6
1.300256e6	3.368486e6
163059.0	3.183958e6
115256.0	3.402278e6
349116.0	3.323783e6
314122.0	2.978738e6
1.510776e6	3.161238e6
1.229903e6	3.376455e6
254571.0	2.628754e6
37817.0	3.419472e6
117020.0	2.846022e6
1.465501e6	3.540139e6
1.235256e6	3.39878e6
633119.0	3.411218e6
324636.0	3.55161e6
77472.0	3.313038e6
183852.0	2.970068e6
1.110811e6	3.349896e6
1.177907e6	3.066564e6
1.369533e6	3.311114e6
5766.0	3.008158e6
61933.0	3.541861e6
1.110817e6	3.067556e6
67557.0	3.378417e6
2045.0	3.400075e6
24629.0	2.621096e6
163352.0	2.664201e6
158025.0	2.744737e6
44267.0	2.825055e6
1.860375e6	3.153561e6
675585.0	3.418854e6
4.326138e6	3.315945e6
2.145344e6	3.2798e6
3.47621e6	3.261332e6
2.610766e6	3.511099e6
4.345525e6	3.229369e6
3.928078e6	3.687398e6
4.243082e6	3.225712e6
2.767713e6	3.284486e6
3.743742e6	3.82114e6
4.596815e6	3.614292e6
4.377304e6	3.551465e6
3.400053e6	3.443134e6
3.748804e6	3.853945e6
2.76459e6	3.480164e6
2.769663e6	3.463416e6
4.428492e6	3.72085e6
2.436558e6	3.72615e6
3.472466e6	3.613654e6
4.551442e6	3.113365e6
4.243053e6	3.429933e6
4.388946e6	3.788934e6
3.551769e6	3.549237e6
3.401713e6	3.500007e6
3.926218e6	3.507711e6
3.871772e6	3.379045e6
4.397724e6	3.618541e6
4.40946e6	3.51797e6
3.748474e6	3.204427e6
3.015753e6	3.473796e6
3.482674e6	3.539045e6
4.471891e6	3.682953e6
4.413151e6	3.845048e6
4.185645e6	3.386448e6
3.870071e6	3.591339e6
3.257371e6	3.476753e6
3.613617e6	3.281441e6
4.379777e6	3.622721e6
4.395334e6	3.330792e6
4.447792e6	3.551421e6
2.417438e6	3.509181e6
3.176931e6	3.656181e6
4.383867e6	3.386452e6
3.18257e6	3.522691e6
2.142712e6	3.849614e6
2.852936e6	3.137631e6
3.549166e6	3.059542e6
3.547312e6	3.275612e6
3.018084e6	3.228537e6
4.561617e6	3.553225e6
4.215543e6	3.434693e6
971791.0	2.645546e6
2972.0	2.624902e6
249097.0	2.347149e6
13006.0	3.039158e6
1.28031e6	2.620453e6
365261.0	2.911905e6
740800.0	2.780805e6
18420.0	2.3763e6
248224.0	3.121229e6
1.914977e6	2.850301e6
1.103558e6	2.86521e6
107380.0	2.797661e6
238023.0	3.071827e6
20230.0	2.950607e6
17049.0	2.934422e6
1.289285e6	3.091411e6
10171.0	3.124771e6
115204.0	2.964407e6
1.765766e6	2.350613e6
737937.0	2.752775e6
1.296838e6	3.013567e6
154693.0	2.980392e6
110341.0	2.902838e6
358515.0	2.896887e6
309727.0	2.828345e6
1.518376e6	2.914518e6
1.231437e6	2.935177e6
238423.0	2.447498e6
40601.0	2.817152e6
222115.0	2.694489e6
1.450998e6	3.109674e6
1.230027e6	3.147963e6
609130.0	2.850463e6
304673.0	3.118541e6
76550.0	2.868125e6
177015.0	2.459229e6
1.106953e6	2.893236e6
1.154694e6	2.838938e6
1.359997e6	2.914218e6
7671.0	2.720753e6
63508.0	3.015939e6
1.097669e6	2.77936e6
57476.0	2.82379e6
2840.0	3.15908e6
24963.0	2.406631e6
158868.0	2.360859e6
154990.0	2.60332e6
40757.0	2.381256e6
1.86835e6	2.985429e6
686120.0	2.894877e6
3.878792e6	3.302109e6
1.417221e6	3.312555e6
2.718548e6	3.182064e6
1.848391e6	3.508865e6
3.95571e6	3.277114e6
3.235553e6	3.678078e6
3.710825e6	3.294251e6
2.007524e6	3.200534e6
3.029005e6	3.703714e6
4.349519e6	3.684931e6
3.947719e6	3.480259e6
2.652223e6	3.405191e6
3.025506e6	3.896526e6
2.001382e6	3.454258e6
1.996174e6	3.452284e6
4.060394e6	3.660297e6
1.683605e6	3.730406e6
2.720969e6	3.602019e6
4.272089e6	3.140607e6
3.704677e6	3.413159e6
4.056328e6	3.85035e6
2.819705e6	3.60865e6
2.64788e6	3.381891e6
3.243904e6	3.512316e6
3.162141e6	3.447651e6
4.071699e6	3.609713e6
4.015443e6	3.445424e6
3.023776e6	3.244401e6
2.247151e6	3.364863e6
2.728624e6	3.59541e6
4.131828e6	3.624608e6
3.85253e6	3.810097e6
3.602728e6	3.4587e6
3.162572e6	3.674838e6
2.490635e6	3.544247e6
2.882273e6	3.218647e6
3.959556e6	3.473388e6
3.996588e6	3.34879e6
4.097321e6	3.537896e6
1.665119e6	3.520683e6
2.405519e6	3.554882e6
3.960473e6	3.288814e6
2.404826e6	3.416555e6
1.419813e6	3.837152e6
2.08343e6	3.176952e6
2.794941e6	3.094612e6
2.81778e6	3.319382e6
2.250857e6	3.163634e6
4.306896e6	3.636134e6
3.656637e6	3.457319e6
985628.0	2.620948e6
2251.0	2.60687e6
254619.0	2.383583e6
13264.0	3.02461e6
1.28143e6	2.593969e6
365643.0	2.940013e6
738741.0	2.772892e6
21051.0	2.342302e6
235570.0	3.055749e6
1.911334e6	2.806298e6
1.107283e6	2.831293e6
114369.0	2.798838e6
246978.0	3.079124e6
20064.0	2.941413e6
16179.0	2.924471e6
1.29454e6	3.080085e6
9582.0	3.084067e6
44712.0	2.984978e6
1.770759e6	2.37625e6
749770.0	2.761447e6
1.301581e6	3.041063e6
162788.0	3.001958e6
112470.0	2.894279e6
356926.0	2.868543e6
309156.0	2.850423e6
1.502121e6	2.889899e6
1.23723e6	2.923842e6
250544.0	2.469443e6
40822.0	2.803914e6
272266.0	2.686497e6
1.462155e6	3.093584e6
1.228793e6	3.059376e6
617934.0	2.825867e6
321570.0	3.076048e6
80177.0	2.813041e6
191902.0	2.385729e6
1.102239e6	2.88533e6
1.148298e6	2.839428e6
1.36219e6	2.849995e6
5174.0	2.681061e6
64244.0	2.998993e6
1.107978e6	2.780703e6
65997.0	2.813886e6
3073.0	3.07982e6
21793.0	2.405476e6
158930.0	2.326944e6
162120.0	2.593571e6
38127.0	2.420573e6
1.86769e6	2.985419e6
679741.0	2.86689e6
4.096602e6	2.676061e6
1.689552e6	2.747011e6
3.032189e6	2.578134e6
2.144064e6	2.886195e6
4.141682e6	2.602301e6
3.528088e6	2.886791e6
3.946959e6	2.664204e6
2.309408e6	2.473868e6
3.331268e6	3.063235e6
4.483083e6	2.881338e6
4.155082e6	2.834822e6
2.954048e6	2.666865e6
3.328725e6	3.148448e6
2.305181e6	2.805673e6
2.311144e6	2.799509e6
4.23876e6	3.14179e6
1.978749e6	3.064309e6
3.037617e6	2.867968e6
4.40378e6	2.390308e6
3.957594e6	2.686929e6
4.247933e6	3.090435e6
3.11204e6	2.867668e6
2.953846e6	2.836917e6
3.530202e6	2.900285e6
3.464107e6	2.55938e6
4.242583e6	2.88387e6
4.216989e6	2.880572e6
3.330283e6	2.212206e6
2.558254e6	2.946218e6
3.031207e6	2.537427e6
4.276161e6	3.192175e6
4.215781e6	3.019156e6
3.860865e6	2.849657e6
3.465021e6	3.086255e6
2.807386e6	2.742478e6
3.181786e6	2.428881e6
4.151525e6	2.963437e6
4.18286e6	2.606095e6
4.159235e6	2.804235e6
1.96316e6	2.793313e6
2.714688e6	2.976421e6
4.156876e6	2.745369e6
2.717946e6	2.905214e6
1.685134e6	3.015596e6
2.381259e6	2.272052e6
3.110755e6	2.393102e6
3.110219e6	2.482604e6
2.554421e6	2.644771e6
4.43785e6	2.82887e6
3.903714e6	2.794378e6
4.792234e6	2.675555e6
2.779001e6	2.699183e6
4.174802e6	2.533161e6
3.287852e6	2.962878e6
4.746176e6	2.574843e6
4.583795e6	2.972937e6
4.769695e6	2.703044e6
3.454956e6	2.442572e6
4.429603e6	3.096878e6
4.868097e6	2.818177e6
4.803284e6	2.8297e6
4.104569e6	2.829193e6
4.429839e6	3.134409e6
3.457864e6	2.843803e6
3.456998e6	2.818898e6
4.820645e6	3.126294e6
3.102524e6	3.08366e6
4.173262e6	3.021128e6
4.834527e6	2.506301e6
4.768076e6	2.83639e6
4.819807e6	3.080399e6
4.240242e6	2.934714e6
4.105673e6	2.842965e6
4.585729e6	2.965741e6
4.541362e6	2.768982e6
4.758473e6	2.955407e6
4.813702e6	2.901267e6
4.427964e6	2.528068e6
3.716548e6	2.842471e6
4.173704e6	2.769506e6
4.81858e6	3.139793e6
4.813531e6	3.082594e6
4.74834e6	2.706585e6
4.536815e6	3.000552e6
3.957847e6	2.724271e6
4.305344e6	2.447483e6
4.805708e6	2.954128e6
4.810537e6	2.740859e6
4.822094e6	2.823709e6
3.0829e6	2.786368e6
3.878797e6	2.997147e6
4.803409e6	2.809728e6
3.879945e6	2.8377e6
2.778921e6	3.080337e6
3.546152e6	2.435218e6
4.240953e6	2.452861e6
4.242135e6	2.721333e6
3.716668e6	2.583238e6
4.853046e6	2.898545e6
4.756744e6	2.728146e6
4.090869e6	3.315767e6
1.829526e6	3.323442e6
3.122413e6	3.200523e6
2.266841e6	3.682375e6
4.05164e6	3.305143e6
3.597555e6	3.614817e6
3.955617e6	3.425225e6
2.425759e6	3.232479e6
3.406331e6	3.827441e6
4.441258e6	3.787563e6
4.147241e6	3.57039e6
3.057909e6	3.372311e6
3.40876e6	3.750657e6
2.434697e6	3.746742e6
2.41717e6	3.739461e6
4.229776e6	3.740989e6
2.111213e6	3.767214e6
3.127315e6	3.809657e6
4.362967e6	3.107826e6
3.973673e6	3.506093e6
4.226463e6	3.696342e6
3.200331e6	3.618951e6
3.054148e6	3.70595e6
3.589928e6	3.522598e6
3.535555e6	3.508654e6
4.217734e6	3.511444e6
4.214002e6	3.679516e6
3.407085e6	3.178589e6
2.669878e6	3.611412e6
3.124562e6	3.349512e6
4.361254e6	3.772511e6
4.192088e6	3.820483e6
3.903756e6	3.690923e6
3.526876e6	3.850605e6
2.904389e6	3.673456e6
3.268986e6	3.281804e6
4.148663e6	3.768273e6
4.17274e6	3.487843e6
4.243548e6	3.618785e6
2.089271e6	3.465099e6
2.82812e6	3.816687e6
4.148753e6	3.396911e6
2.819557e6	3.582799e6
1.825005e6	3.828915e6
2.513248e6	3.068523e6
3.197264e6	3.011379e6
3.20194e6	3.161184e6
2.66736e6	3.20679e6
4.40726e6	3.629221e6
3.931759e6	3.739124e6
4.899879e6	3.283109e6
2.869657e6	3.28094e6
4.292602e6	3.181735e6
3.387905e6	3.498545e6
4.840882e6	3.245501e6
4.71224e6	3.642874e6
4.879887e6	3.279967e6
3.563119e6	3.213111e6
4.551511e6	3.724224e6
4.939021e6	3.643229e6
4.908089e6	3.497413e6
4.225203e6	3.389517e6
4.552543e6	3.870335e6
3.563156e6	3.418276e6
3.563719e6	3.415322e6
4.917683e6	3.652639e6
3.199533e6	3.700655e6
4.291582e6	3.603051e6
4.917907e6	3.082472e6
4.883762e6	3.387275e6
4.917915e6	3.816947e6
4.364234e6	3.568881e6
4.220936e6	3.372027e6
4.711306e6	3.492234e6
4.663343e6	3.402963e6
4.841065e6	3.584322e6
4.91292e6	3.435282e6
4.548626e6	3.189744e6
3.83161e6	3.361409e6
4.295662e6	3.559028e6
4.9087e6	3.614368e6
4.915774e6	3.827233e6
4.866174e6	3.42655e6
4.663086e6	3.634738e6
4.073476e6	3.513675e6
4.429026e6	3.226826e6
4.906321e6	3.493274e6
4.911545e6	3.336965e6
4.92328e6	3.552535e6
3.179912e6	3.502055e6
3.994185e6	3.525968e6
4.907043e6	3.306886e6
3.994805e6	3.423995e6
2.869939e6	3.847783e6
3.652472e6	3.127631e6
4.36095e6	3.048045e6
4.362231e6	3.270692e6
3.833268e6	3.143095e6
4.912357e6	3.588575e6
4.876888e6	3.422304e6
2.11472e6	3.346664e6
161006.0	3.395615e6
832734.0	3.202864e6
290177.0	3.471959e6
2.388335e6	3.322149e6
1.274943e6	3.599704e6
1.835886e6	3.310812e6
360590.0	3.223253e6
1.069955e6	3.649149e6
3.069312e6	3.729573e6
2.246978e6	3.478679e6
766788.0	3.285925e6
1.083838e6	3.946453e6
355956.0	3.483132e6
373139.0	3.48107e6
2.454978e6	3.691919e6
226591.0	3.762666e6
828474.0	3.509536e6
2.912013e6	3.177059e6
1.83522e6	3.432172e6
2.463813e6	3.92314e6
905439.0	3.540896e6
772189.0	3.411136e6
1.286833e6	3.570175e6
1.195583e6	3.329402e6
2.609989e6	3.549326e6
2.402607e6	3.460902e6
1.084855e6	3.200306e6
498097.0	3.447282e6
825784.0	3.44552e6
2.615494e6	3.683061e6
2.393806e6	3.729599e6
1.694802e6	3.542967e6
1.201586e6	3.760677e6
655108.0	3.57953e6
934636.0	3.234847e6
2.255677e6	3.501223e6
2.317029e6	3.255971e6
2.537414e6	3.51072e6
203691.0	3.465677e6
591511.0	3.648206e6
2.259344e6	3.224771e6
599650.0	3.458689e6
164192.0	3.747515e6
405590.0	3.081797e6
880670.0	3.01058e6
900390.0	3.214365e6
494760.0	3.22544e6
3.006541e6	3.562032e6
1.763933e6	3.48663e6
1.72609e6	3.386971e6
43868.0	3.320416e6
535176.0	3.332957e6
128630.0	3.572889e6
2.018547e6	3.213333e6
911036.0	3.678403e6
1.447357e6	3.317024e6
170485.0	3.33282e6
740454.0	3.886883e6
2.707187e6	3.585193e6
1.86681e6	3.608155e6
480716.0	3.400602e6
743852.0	3.814798e6
176707.0	3.53849e6
167190.0	3.522758e6
2.072618e6	3.734394e6
98102.0	3.710786e6
526826.0	3.690968e6
2.557299e6	3.105523e6
1.449218e6	3.460605e6
2.066353e6	3.742877e6
582761.0	3.541962e6
470517.0	3.57033e6
920813.0	3.52216e6
552611.0	3.384751e6
2.263605e6	3.558162e6
1.99767e6	3.554252e6
736838.0	3.164706e6
265325.0	3.536304e6
527638.0	3.49101e6
2.232286e6	3.687713e6
1.998611e6	3.855939e6
1.307804e6	3.419037e6
720174.0	3.579476e6
394651.0	3.445993e6
634011.0	3.326514e6
1.864406e6	3.695454e6
1.924998e6	3.416368e6
2.144455e6	3.606481e6
87822.0	3.465566e6
354555.0	3.699006e6
1.85716e6	3.464383e6
346752.0	3.581646e6
43332.0	3.844183e6
205802.0	3.10673e6
582003.0	3.053025e6
583321.0	3.231154e6
277735.0	3.295227e6
2.6461e6	3.51833e6
1.374142e6	3.465561e6
4.99995e6	2.563098e6
3.017817e6	2.640103e6
4.451397e6	2.46983e6
3.544071e6	2.960157e6
4.926802e6	2.717352e6
4.858754e6	2.850177e6
4.998407e6	2.72399e6
3.721599e6	2.36198e6
4.704656e6	3.00189e6
5.0e6	3.006575e6
4.999953e6	2.772453e6
4.381465e6	2.584225e6
4.706403e6	3.143648e6
3.72242e6	2.902487e6
3.722994e6	2.900987e6
5.0e6	3.093525e6
3.354453e6	3.124627e6
4.451804e6	2.888049e6
4.987386e6	2.283934e6
4.998216e6	2.671941e6
5.0e6	3.114575e6
4.51866e6	2.940337e6
4.380613e6	2.846864e6
4.8586e6	2.843579e6
4.812775e6	2.653864e6
4.925136e6	2.826193e6
4.999967e6	2.886528e6
4.704744e6	2.292785e6
3.988689e6	2.884081e6
4.451791e6	2.476684e6
4.985851e6	3.15647e6
5.0e6	2.96735e6
4.992439e6	2.947352e6
4.811237e6	3.181681e6
4.232297e6	2.892741e6
4.585119e6	2.370547e6
5.0e6	2.902793e6
5.0e6	2.641613e6
5.0e6	2.775979e6
3.334621e6	2.763459e6
4.153505e6	2.96449e6
5.0e6	2.669492e6
4.153181e6	2.833177e6
3.018186e6	2.987126e6
3.811953e6	2.21757e6
4.518811e6	2.319743e6
4.51979e6	2.393366e6
3.987982e6	2.520047e6
4.984963e6	2.932233e6
4.996151e6	2.868897e6
289555.0	2.970077e6
1413.0	2.954579e6
6444.0	2.671239e6
2155.0	3.049142e6
509222.0	2.75974e6
44782.0	3.019593e6
165170.0	2.925655e6
1446.0	2.734153e6
15149.0	3.157092e6
897296.0	2.94415e6
365423.0	3.06001e6
5895.0	2.91402e6
17395.0	3.178336e6
2312.0	2.953496e6
2145.0	2.964609e6
478796.0	3.195328e6
2021.0	3.153915e6
6797.0	2.931563e6
805321.0	2.624823e6
172006.0	2.90761e6
481612.0	3.162818e6
8495.0	2.994232e6
3464.0	3.001138e6
43187.0	3.093339e6
28583.0	2.814412e6
662244.0	3.043904e6
431536.0	3.044258e6
20932.0	2.666376e6
1985.0	3.054042e6
7739.0	2.81365e6
589304.0	3.210206e6
436486.0	3.138372e6
120539.0	2.989841e6
30236.0	3.13053e6
2912.0	3.018101e6
11092.0	2.767659e6
356015.0	2.935259e6
392861.0	2.882574e6
527434.0	3.04356e6
1750.0	2.840969e6
2042.0	3.108594e6
351113.0	2.982786e6
2832.0	3.06363e6
1672.0	3.13233e6
2039.0	2.652745e6
7292.0	2.636269e6
8725.0	2.796098e6
2353.0	2.687104e6
872080.0	2.990014e6
148570.0	2.9839e6
1.589777e6	3.370421e6
27526.0	3.393143e6
457577.0	3.243057e6
95655.0	3.584545e6
1.895256e6	3.351183e6
810417.0	3.758737e6
1.320176e6	3.305251e6
131940.0	3.256684e6
639236.0	3.737106e6
2.580431e6	3.677509e6
1.7259e6	3.496208e6
402269.0	3.434464e6
646438.0	3.881125e6
124430.0	3.495896e6
126456.0	3.49343e6
1.944913e6	3.684212e6
65440.0	3.804659e6
438688.0	3.55295e6
2.422836e6	3.223049e6
1.313185e6	3.493841e6
1.937439e6	3.828459e6
488418.0	3.640905e6
404258.0	3.465441e6
814910.0	3.588998e6
757296.0	3.47702e6
2.132434e6	3.634681e6
1.861801e6	3.510423e6
660068.0	3.327709e6
217263.0	3.40297e6
451788.0	3.576064e6
2.101751e6	3.661117e6
1.876089e6	3.811561e6
1.184072e6	3.486897e6
762274.0	3.687114e6
317097.0	3.544335e6
545674.0	3.268449e6
1.722933e6	3.557703e6
1.799051e6	3.381916e6
2.008599e6	3.504618e6
54894.0	3.527212e6
281634.0	3.625975e6
1.735872e6	3.31242e6
288997.0	3.445002e6
34102.0	3.815481e6
152532.0	3.259771e6
486154.0	3.170059e6
490974.0	3.401457e6
206971.0	3.236616e6
2.521845e6	3.658999e6
1.261533e6	3.478526e6
3.290914e6	3.320823e6
803841.0	3.36795e6
1.990907e6	3.275423e6
1.161243e6	3.493305e6
3.440263e6	3.282197e6
2.495894e6	3.621673e6
3.048991e6	3.29626e6
1.293849e6	3.282595e6
2.283068e6	3.76502e6
3.97102e6	3.673547e6
3.393093e6	3.550344e6
1.899886e6	3.316128e6
2.288975e6	3.94001e6
1.299061e6	3.417505e6
1.294593e6	3.411424e6
3.554665e6	3.742892e6
1.035501e6	3.765043e6
1.979249e6	3.51007e6
3.854987e6	3.113297e6
3.052009e6	3.386016e6
3.551697e6	3.887078e6
2.054669e6	3.516319e6
1.914122e6	3.412452e6
2.507204e6	3.541801e6
2.430516e6	3.289699e6
3.607724e6	3.579397e6
3.495019e6	3.461767e6
2.282005e6	3.112418e6
1.521573e6	3.484609e6
1.98986e6	3.4767e6
3.643186e6	3.712947e6
3.492057e6	3.836938e6
2.923462e6	3.489187e6
2.431023e6	3.704078e6
1.752281e6	3.533773e6
2.086822e6	3.283298e6
3.39976e6	3.547603e6
3.448048e6	3.242274e6
3.604755e6	3.575138e6
1.018011e6	3.48553e6
1.674746e6	3.645101e6
3.40383e6	3.276864e6
1.688063e6	3.520272e6
809927.0	3.84131e6
1.378024e6	3.03127e6
2.064384e6	2.985495e6
2.057921e6	3.166379e6
1.534307e6	3.248775e6
3.918182e6	3.550881e6
2.99205e6	3.431512e6
3.92068e6	3.439497e6
1.505813e6	3.424222e6
2.810676e6	3.275222e6
1.936268e6	3.634391e6
3.989992e6	3.373861e6
3.304793e6	3.503806e6
3.7567e6	3.464867e6
2.085728e6	3.310032e6
3.098877e6	3.758767e6
4.360642e6	3.782345e6
3.991626e6	3.669898e6
2.719326e6	3.402609e6
3.097352e6	3.701654e6
2.082378e6	3.818525e6
2.090929e6	3.809827e6
4.168274e6	3.791733e6
1.769508e6	3.731421e6
2.809138e6	3.762498e6
4.272961e6	3.171509e6
3.741914e6	3.573382e6
3.964311e6	3.648219e6
2.880739e6	3.511795e6
2.727463e6	3.779887e6
3.308859e6	3.581818e6
3.233598e6	3.439979e6
4.094174e6	3.519316e6
4.055643e6	3.740493e6
3.091748e6	3.139108e6
2.328709e6	3.712042e6
2.81577e6	3.304353e6
4.140778e6	3.791885e6
4.065008e6	3.740848e6
3.662124e6	3.732107e6
3.242237e6	3.85745e6
2.561492e6	3.690462e6
2.955228e6	3.35683e6
3.991878e6	3.824813e6
4.031431e6	3.438398e6
4.111441e6	3.674376e6
1.751097e6	3.504652e6
2.491378e6	3.857181e6
3.983654e6	3.375239e6
2.49548e6	3.692635e6
1.50737e6	3.747082e6
2.170898e6	3.059059e6
2.881071e6	3.041383e6
2.87885e6	3.149149e6
2.333284e6	3.312321e6
4.319771e6	3.521964e6
3.675418e6	3.80781e6
2.640514e6	2.414195e6
340732.0	2.384752e6
1.31843e6	2.230634e6
605513.0	2.594018e6
2.864359e6	2.321977e6
1.809837e6	2.433297e6
2.374013e6	2.392258e6
707417.0	2.250118e6
1.592693e6	2.768529e6
3.504057e6	2.603041e6
2.774049e6	2.566249e6
1.225038e6	2.421672e6
1.579465e6	2.689487e6
708163.0	2.45755e6
707697.0	2.466363e6
2.966382e6	2.81093e6
507486.0	2.769162e6
1.302897e6	2.465625e6
3.364896e6	1.889357e6
2.369153e6	2.278847e6
2.966697e6	2.703411e6
1.363324e6	2.54684e6
1.225042e6	2.48287e6
1.793392e6	2.663289e6
1.717898e6	2.288586e6
3.079548e6	2.577815e6
2.902662e6	2.466544e6
1.57754e6	1.847935e6
902336.0	2.576205e6
1.307829e6	2.267363e6
3.088839e6	2.770082e6
2.897243e6	2.716072e6
2.100598e6	2.514113e6
1.723501e6	2.728419e6
1.085698e6	2.513397e6
1.448697e6	2.226694e6
2.779266e6	2.585227e6
2.838073e6	2.310961e6
3.020701e6	2.532261e6
485745.0	2.493061e6
1.039501e6	2.578136e6
2.772711e6	2.4067e6
1.025758e6	2.614374e6
345270.0	2.70842e6
777790.0	1.996326e6
1.382747e6	2.177911e6
1.359393e6	2.248251e6
882630.0	2.20526e6
3.439032e6	2.543298e6
2.294248e6	2.502657e6
2.511175e6	3.401967e6
279057.0	3.469036e6
1.175347e6	3.255652e6
506873.0	3.535087e6
2.759906e6	3.396571e6
1.66494e6	3.634086e6
2.236717e6	3.337678e6
610739.0	3.272278e6
1.464826e6	3.588055e6
3.402809e6	3.784735e6
2.649665e6	3.387353e6
1.099187e6	3.248717e6
1.44743e6	3.889693e6
610751.0	3.559434e6
618403.0	3.555934e6
2.839977e6	3.679848e6
424038.0	3.771362e6
1.171091e6	3.592082e6
3.250788e6	3.266717e6
2.233449e6	3.510034e6
2.849769e6	3.896471e6
1.236082e6	3.52009e6
1.106456e6	3.494226e6
1.669463e6	3.645278e6
1.603451e6	3.344474e6
2.973469e6	3.491511e6
2.824287e6	3.53956e6
1.447264e6	3.271292e6
778934.0	3.508366e6
1.178317e6	3.376529e6
2.967411e6	3.743869e6
2.729909e6	3.567473e6
2.088406e6	3.603733e6
1.59934e6	3.820651e6
985730.0	3.627117e6
1.309866e6	3.282818e6
2.644339e6	3.586901e6
2.71265e6	3.275037e6
2.905461e6	3.419346e6
411623.0	3.405693e6
900866.0	3.729813e6
2.653261e6	3.305072e6
915070.0	3.458242e6
279442.0	3.589624e6
672935.0	3.196791e6
1.252659e6	3.14805e6
1.227354e6	3.31302e6
791769.0	3.29555e6
3.340682e6	3.539948e6
2.163402e6	3.551098e6
745851.0	2.805763e6
1528.0	2.791046e6
69497.0	2.556217e6
5819.0	2.953135e6
1.047768e6	2.602427e6
217372.0	2.947519e6
537133.0	2.790256e6
5830.0	2.567034e6
144721.0	3.080806e6
1.628203e6	2.786274e6
869147.0	2.956793e6
54578.0	2.82758e6
138271.0	3.083697e6
6301.0	2.901963e6
7091.0	2.904492e6
1.048982e6	3.117785e6
4246.0	3.042979e6
69610.0	2.925744e6
1.501759e6	2.507835e6
534032.0	2.79557e6
1.045425e6	3.04641e6
88383.0	2.917676e6
55143.0	2.958136e6
209145.0	2.967474e6
190173.0	2.739035e6
1.259177e6	2.938755e6
983284.0	2.997416e6
139450.0	2.522855e6
15988.0	2.930646e6
68877.0	2.705762e6
1.199292e6	3.130211e6
985587.0	3.06292e6
454781.0	2.834194e6
187138.0	3.003562e6
35120.0	2.858402e6
98647.0	2.593456e6
867857.0	2.890725e6
925953.0	2.825982e6
1.111706e6	2.942318e6
3121.0	2.719759e6
28985.0	3.032723e6
855608.0	2.906259e6
27853.0	2.940185e6
1330.0	3.057202e6
8623.0	2.511263e6
78454.0	2.492079e6
92814.0	2.667161e6
16611.0	2.587969e6
1.582585e6	2.881389e6
497011.0	2.868204e6
361610.0	2.696658e6
1749.0	2.674491e6
11709.0	2.409689e6
2157.0	3.060988e6
603552.0	2.622623e6
58052.0	2.95795e6
225718.0	2.807255e6
2058.0	2.413278e6
33469.0	3.105068e6
1.041677e6	2.814663e6
450349.0	2.868022e6
10137.0	2.828604e6
29879.0	3.089452e6
1904.0	2.978659e6
1886.0	2.962065e6
583501.0	3.116471e6
2455.0	3.103672e6
10598.0	2.977984e6
939825.0	2.419562e6
229577.0	2.812949e6
578108.0	3.044903e6
16413.0	3.01081e6
9562.0	2.931366e6
62270.0	2.946356e6
50386.0	2.862158e6
776138.0	2.922337e6
534608.0	2.962184e6
31149.0	2.514423e6
1904.0	2.842153e6
13090.0	2.72417e6
708774.0	3.132682e6
524910.0	3.104516e6
173463.0	2.858198e6
53625.0	3.103618e6
4719.0	2.827898e6
18432.0	2.452356e6
443338.0	2.92255e6
489952.0	2.872133e6
633742.0	2.873087e6
1870.0	2.708522e6
3786.0	3.041486e6
434117.0	2.813428e6
3574.0	2.852011e6
1784.0	3.107555e6
2254.0	2.465663e6
14107.0	2.36423e6
16199.0	2.661538e6
2020.0	2.455968e6
1.010304e6	2.987408e6
161330.0	2.894257e6
745058.0	2.534639e6
2080.0	2.471965e6
65653.0	2.23814e6
7661.0	2.914841e6
1.056448e6	2.51693e6
226465.0	2.848734e6
545570.0	2.634904e6
6823.0	2.269106e6
137387.0	3.042832e6
1.630031e6	2.935132e6
854450.0	2.79643e6
53573.0	2.769558e6
134293.0	3.086847e6
6094.0	2.846588e6
5855.0	2.838663e6
1.04402e6	3.027335e6
4500.0	3.113023e6
65215.0	2.987133e6
1.494348e6	2.221782e6
537151.0	2.592692e6
1.043862e6	3.080806e6
80882.0	3.007816e6
52029.0	2.772045e6
224668.0	2.823549e6
189476.0	2.871509e6
1.272706e6	2.900795e6
984523.0	2.815689e6
133990.0	2.32959e6
14799.0	2.665603e6
67241.0	2.818085e6
1.202139e6	3.014333e6
986002.0	3.145171e6
445843.0	2.806598e6
193403.0	3.102194e6
32337.0	2.884363e6
105347.0	2.347558e6
868221.0	2.79445e6
915890.0	2.739103e6
1.101356e6	2.850109e6
3892.0	2.722622e6
25721.0	2.897688e6
868176.0	2.63044e6
23595.0	2.708871e6
2151.0	3.170551e6
10252.0	2.289546e6
84158.0	2.325294e6
79803.0	2.604402e6
17452.0	2.252864e6
1.584595e6	3.021065e6
485795.0	2.821983e6
