451380.0	828672.0
2.386633e6	772880.0
1.158275e6	1.052299e6
1.950135e6	814809.0
463950.0	861688.0
755036.0	808096.0
512882.0	901016.0
1.810548e6	1.013998e6
918544.0	940241.0
286489.0	596723.0
431461.0	922727.0
1.229845e6	1.057552e6
923141.0	619510.0
1.812403e6	730823.0
1.802915e6	723933.0
392875.0	794323.0
2.116272e6	644529.0
1.161662e6	795149.0
343117.0	991534.0
518406.0	729786.0
392281.0	575388.0
1.094642e6	866710.0
1.215324e6	784444.0
760948.0	715929.0
813411.0	898153.0
379579.0	923410.0
399012.0	697214.0
911923.0	935136.0
1.586319e6	837987.0
1.155227e6	957111.0
382274.0	691685.0
405785.0	893537.0
557558.0	677476.0
809886.0	637081.0
1.368856e6	624122.0
1.024385e6	985687.0
432981.0	785714.0
419304.0	945556.0
384059.0	896456.0
2.138777e6	950496.0
1.435275e6	725659.0
426193.0	973781.0
1.435097e6	904038.0
2.384164e6	864680.0
1.727198e6	974177.0
1.092126e6	1.067814e6
1.102285e6	892806.0
1.579562e6	1.011865e6
311733.0	867911.0
544279.0	737551.0
1.597952e6	1.718511e6
3.263827e6	1.63579e6
2.586764e6	1.829173e6
3.081088e6	1.476066e6
1.450233e6	1.661665e6
2.20922e6	1.562055e6
1.777774e6	1.563682e6
3.004919e6	2.006301e6
2.361914e6	1.574954e6
1.018538e6	1.720396e6
1.497051e6	1.687102e6
2.619061e6	1.536509e6
2.378472e6	1.544935e6
3.017043e6	1.463807e6
3.013059e6	1.487147e6
1.374687e6	1.462554e6
3.16001e6	1.498322e6
2.549927e6	1.379753e6
1.12452e6	1.63117e6
1.780973e6	1.485677e6
1.375336e6	1.599973e6
2.516205e6	1.566265e6
2.611866e6	1.499417e6
2.207782e6	1.606312e6
2.24669e6	1.58195e6
1.304526e6	1.578044e6
1.423492e6	1.433032e6
2.359369e6	1.7102e6
2.851841e6	1.525541e6
2.576737e6	1.790905e6
1.286199e6	1.387064e6
1.415503e6	1.665908e6
1.883596e6	1.583673e6
2.26987e6	1.460146e6
2.706758e6	1.697511e6
2.466525e6	1.97742e6
1.510226e6	1.52748e6
1.465159e6	1.588197e6
1.342938e6	1.712639e6
3.16808e6	1.722511e6
2.779441e6	1.486119e6
1.506622e6	1.534419e6
2.778697e6	1.606037e6
3.297507e6	1.667874e6
2.957143e6	1.817121e6
2.514961e6	1.7884e6
2.521758e6	1.619627e6
2.86831e6	1.690375e6
1.062182e6	1.613854e6
1.833495e6	1.595908e6
3.008853e6	1.239992e6
1.054652e6	1.219993e6
2.039315e6	1.458935e6
1.363243e6	983372.0
3.036329e6	1.066932e6
2.470077e6	951356.0
2.860477e6	1.207257e6
1.27159e6	1.403756e6
2.289065e6	1.074728e6
3.267411e6	1.026884e6
3.066136e6	1.248128e6
1.974886e6	1.173061e6
2.291647e6	918600.0
1.33551e6	1.182688e6
1.39071e6	1.181949e6
3.131527e6	1.06301e6
1.23717e6	941842.0
2.041125e6	1.092434e6
3.214448e6	1.361431e6
2.86274e6	1.139468e6
3.11717e6	901328.0
2.096744e6	915436.0
1.975793e6	1.257354e6
2.470042e6	1.002415e6
2.402709e6	1.059101e6
3.087891e6	968793.0
3.116133e6	1.200066e6
2.289014e6	1.177074e6
1.656472e6	1.322161e6
2.040806e6	1.106966e6
3.165381e6	1.059559e6
3.105854e6	948477.0
2.779751e6	1.186603e6
2.409733e6	998744.0
1.852607e6	1.133636e6
2.164312e6	1.359152e6
3.05478e6	1.193211e6
3.098364e6	1.149161e6
3.152339e6	1.184397e6
1.224599e6	1.052003e6
1.779248e6	1.127691e6
3.056518e6	1.230092e6
1.787916e6	1.312796e6
1.048337e6	914445.0
1.532637e6	1.195017e6
2.101582e6	1.264462e6
2.10668e6	1.052016e6
1.659744e6	1.437228e6
3.238236e6	931619.0
2.834748e6	1.204937e6
2.326349e6	1.929316e6
3.230167e6	1.839984e6
3.044851e6	2.031834e6
3.270621e6	1.65619e6
2.149084e6	1.506331e6
2.815486e6	1.853841e6
2.49306e6	1.77658e6
3.259931e6	2.047143e6
2.942303e6	1.789388e6
1.684282e6	1.447651e6
2.232951e6	1.881635e6
3.091131e6	1.952258e6
2.934702e6	1.625111e6
3.270903e6	1.723427e6
3.259804e6	1.718562e6
2.096649e6	1.631677e6
3.259075e6	1.514509e6
3.069938e6	1.751884e6
1.797078e6	2.130758e6
2.502964e6	1.896266e6
2.086119e6	1.588799e6
3.045589e6	1.697078e6
3.102997e6	1.820517e6
2.834098e6	1.665892e6
2.884772e6	1.853928e6
1.975509e6	1.766149e6
2.148147e6	1.743765e6
2.957464e6	2.119193e6
3.208678e6	1.753411e6
3.052383e6	2.075388e6
1.990911e6	1.539688e6
2.151649e6	1.766945e6
2.57044e6	1.555722e6
2.878056e6	1.389727e6
3.14679e6	1.583612e6
2.992443e6	2.062168e6
2.233296e6	1.765448e6
2.198461e6	1.941319e6
2.042803e6	1.859794e6
3.260426e6	1.692449e6
3.165706e6	1.774937e6
2.231414e6	1.931118e6
3.172897e6	1.825325e6
3.234935e6	1.741197e6
3.235725e6	2.117538e6
3.045179e6	1.873293e6
3.0344e6	1.947423e6
3.207229e6	1.974081e6
1.724056e6	1.6625e6
2.560604e6	1.669595e6
1.076943e6	1.724423e6
2.926282e6	1.710752e6
1.982423e6	1.88509e6
2.625706e6	1.318561e6
1.001463e6	1.508978e6
1.585407e6	1.407686e6
1.222422e6	1.566049e6
2.517227e6	1.97123e6
1.785597e6	1.443989e6
690767.0	1.521348e6
1.020232e6	1.675519e6
2.047396e6	1.624235e6
1.718106e6	1.433384e6
2.516144e6	1.609481e6
2.509274e6	1.609263e6
840247.0	1.507124e6
2.749303e6	1.317894e6
1.980656e6	1.616783e6
760063.0	1.920865e6
1.219411e6	1.584127e6
902209.0	1.492012e6
1.922117e6	1.318008e6
2.022447e6	1.658615e6
1.588878e6	1.490498e6
1.631951e6	1.44865e6
902661.0	1.481758e6
955577.0	1.612023e6
1.729379e6	1.764325e6
2.344738e6	1.72897e6
1.976661e6	1.630424e6
879129.0	1.474464e6
962469.0	1.350241e6
1.294043e6	1.595648e6
1.630886e6	1.403063e6
2.158787e6	1.558035e6
1.85998e6	1.947671e6
1.008163e6	1.540834e6
995266.0	1.511505e6
903231.0	1.61197e6
2.751192e6	1.544609e6
2.213903e6	1.634499e6
1.024059e6	1.610043e6
2.228764e6	1.734025e6
2.921822e6	1.328309e6
2.459894e6	1.864042e6
1.923825e6	1.668127e6
1.906615e6	1.528965e6
2.332103e6	1.816108e6
725411.0	1.298494e6
1.296383e6	1.604084e6
2.701057e6	929460.0
669530.0	855675.0
1.549436e6	1.182278e6
935287.0	955359.0
2.853089e6	1.116346e6
1.994516e6	967083.0
2.475818e6	1.099196e6
1.029076e6	1.162818e6
1.802171e6	1.004031e6
3.318988e6	731568.0
2.804071e6	996940.0
1.488231e6	1.193533e6
1.804352e6	802903.0
1.026991e6	780477.0
1.025332e6	771911.0
2.93818e6	825855.0
796158.0	820853.0
1.552853e6	861889.0
3.208379e6	1.154562e6
2.474892e6	798470.0
2.94181e6	791797.0
1.622763e6	1.100832e6
1.488759e6	849017.0
1.988859e6	749400.0
1.935386e6	1.170586e6
3.005345e6	1.090653e6
2.898408e6	803021.0
1.807578e6	1.218854e6
1.182461e6	903842.0
1.564078e6	1.23313e6
3.019975e6	769263.0
2.898846e6	1.012334e6
2.368874e6	788885.0
1.932029e6	677093.0
1.365814e6	820799.0
1.683897e6	1.13839e6
2.793815e6	854618.0
2.842782e6	1.149325e6
2.981018e6	1.005811e6
521426.0	1.10483e6
1.314117e6	847387.0
2.790347e6	1.183036e6
1.312859e6	963090.0
657251.0	1.005139e6
1.078592e6	1.208538e6
1.621171e6	1.291348e6
1.623049e6	1.155802e6
1.184873e6	1.123042e6
3.27072e6	1.128491e6
2.417215e6	783908.0
2.958214e6	1.239573e6
2.395405e6	1.237248e6
3.081899e6	1.304489e6
2.683223e6	1.205719e6
2.770403e6	1.379833e6
3.140122e6	1.41272e6
3.038175e6	1.210811e6
2.785943e6	1.275421e6
3.137728e6	1.154786e6
2.520688e6	1.371885e6
2.900124e6	1.170488e6
3.059931e6	1.35536e6
3.150793e6	1.17043e6
2.78944e6	1.442434e6
2.792931e6	1.430369e6
2.804283e6	1.060459e6
2.578535e6	1.15306e6
3.089878e6	1.437495e6
2.57813e6	1.650253e6
3.065276e6	1.426144e6
2.81735e6	1.204673e6
3.099533e6	1.343856e6
3.062489e6	1.343843e6
3.128202e6	1.158759e6
3.117366e6	1.608559e6
2.654752e6	1.180881e6
2.840588e6	1.368352e6
3.139003e6	1.679587e6
2.907978e6	1.152049e6
3.079792e6	1.570616e6
2.728065e6	1.140978e6
2.851203e6	1.219577e6
3.076701e6	1.355775e6
3.139346e6	1.254684e6
3.019852e6	1.385282e6
3.485489e6	1.255967e6
2.885989e6	1.298244e6
2.883609e6	1.411437e6
2.779728e6	1.234154e6
2.581808e6	1.354635e6
2.989266e6	1.171917e6
2.893099e6	1.198365e6
2.982154e6	1.119838e6
2.387386e6	1.245477e6
2.826602e6	1.619858e6
3.105443e6	1.393477e6
3.104806e6	1.489124e6
2.907499e6	1.337608e6
2.526898e6	1.364248e6
3.070401e6	1.380918e6
3.102629e6	1.797467e6
1.753566e6	1.742759e6
2.717888e6	1.831244e6
2.087401e6	1.708177e6
2.984878e6	1.915112e6
2.981237e6	1.796259e6
3.121103e6	1.790828e6
2.215664e6	2.038694e6
2.904373e6	1.769529e6
2.890571e6	1.989057e6
3.108454e6	1.866163e6
2.674413e6	1.775658e6
2.898025e6	1.762327e6
2.208719e6	1.777431e6
2.209559e6	1.806316e6
3.052726e6	1.67986e6
1.967384e6	1.724271e6
2.725365e6	1.670783e6
2.901274e6	1.829547e6
3.106369e6	1.715532e6
3.058222e6	1.733524e6
2.77119e6	1.825181e6
2.668728e6	1.806163e6
2.975281e6	1.718277e6
2.963446e6	1.868725e6
2.918394e6	1.788759e6
3.079968e6	1.732661e6
2.893737e6	2.006823e6
2.40001e6	1.729477e6
2.711224e6	1.870357e6
2.991529e6	1.629877e6
3.068651e6	1.850399e6
3.10021e6	1.893654e6
2.965681e6	1.773242e6
2.547645e6	2.004536e6
2.813137e6	2.064325e6
3.091514e6	1.736106e6
3.105347e6	1.849027e6
3.041979e6	1.912009e6
1.955273e6	1.910298e6
2.516346e6	1.758787e6
3.081798e6	1.694483e6
2.51169e6	1.784879e6
1.761459e6	1.86683e6
2.272378e6	1.982117e6
2.770308e6	1.903224e6
2.771711e6	1.744889e6
2.39714e6	1.808092e6
2.886059e6	1.869968e6
3.115093e6	1.90493e6
3.126671e6	925616.0
1.763649e6	880586.0
2.725284e6	1.119978e6
2.090526e6	872877.0
2.982036e6	917747.0
2.995656e6	836846.0
3.113888e6	937821.0
2.203368e6	1.059518e6
2.883781e6	883724.0
2.893397e6	670391.0
3.087138e6	891309.0
2.674019e6	1.00963e6
2.902352e6	594016.0
2.210955e6	839685.0
2.216012e6	828711.0
3.061177e6	824840.0
1.970059e6	659931.0
2.71802e6	897856.0
2.924466e6	1.09192e6
3.123331e6	861893.0
3.051959e6	587190.0
2.77318e6	797284.0
2.676404e6	927243.0
3.002312e6	820814.0
2.957703e6	848600.0
2.919985e6	879646.0
3.070406e6	842613.0
2.903159e6	932849.0
2.389586e6	957868.0
2.727679e6	841711.0
3.013509e6	823226.0
3.073907e6	777714.0
3.08568e6	744670.0
2.968179e6	705194.0
2.662755e6	677312.0
2.813873e6	1.029876e6
3.103865e6	922773.0
3.07433e6	931156.0
3.035617e6	850364.0
1.956917e6	904425.0
2.511821e6	880457.0
3.098297e6	1.046403e6
2.519289e6	928155.0
1.755563e6	747220.0
2.26782e6	1.031849e6
2.777033e6	1.099758e6
2.761485e6	904021.0
2.392743e6	1.108243e6
2.886774e6	774279.0
3.100821e6	800406.0
1.90727e6	1.372174e6
3.321733e6	1.384708e6
2.841133e6	1.599569e6
3.208437e6	1.060464e6
1.760052e6	1.345764e6
2.501355e6	1.087363e6
1.812704e6	1.392174e6
3.159285e6	1.524518e6
2.636108e6	1.032444e6
1.286097e6	1.068351e6
1.819452e6	1.325085e6
2.883268e6	1.370051e6
2.644362e6	1.163753e6
3.17217e6	1.041662e6
3.156916e6	1.055567e6
1.690612e6	1.109002e6
3.2633e6	990775.0
2.809802e6	1.12426e6
1.39121e6	1.571336e6
2.413095e6	1.243345e6
1.684075e6	1.157502e6
2.779065e6	1.067297e6
2.85964e6	1.098981e6
2.519393e6	1.082222e6
2.538498e6	1.214333e6
1.591371e6	1.209857e6
1.732842e6	1.162825e6
2.642724e6	1.485112e6
3.070283e6	1.245778e6
2.83339e6	1.333868e6
1.576398e6	1.04087e6
1.733615e6	1.074588e6
2.215797e6	1.174049e6
2.556988e6	986396.0
2.960574e6	1.217125e6
2.747368e6	1.493068e6
1.815776e6	1.038432e6
1.78744e6	1.327093e6
1.646875e6	1.30414e6
3.276667e6	1.284084e6
2.923606e6	962513.0
1.827249e6	1.483294e6
3.071495e6	1.302369e6
3.317639e6	1.058092e6
3.111522e6	1.487628e6
2.787415e6	1.613339e6
2.781414e6	1.344289e6
3.056522e6	1.591064e6
1.326202e6	1.075698e6
2.157417e6	1.123118e6
2.781729e6	1.818078e6
2.746457e6	1.792449e6
3.189284e6	1.959796e6
2.969021e6	1.593899e6
2.606648e6	1.496855e6
3.125955e6	1.724737e6
2.931524e6	1.598149e6
3.035838e6	1.941425e6
3.1354e6	1.789559e6
2.267619e6	1.799081e6
2.712247e6	1.772757e6
3.166702e6	1.65136e6
3.157797e6	1.767236e6
3.021094e6	1.698739e6
3.018909e6	1.669239e6
2.611216e6	1.719367e6
2.89646e6	1.674128e6
3.168315e6	1.721381e6
2.347873e6	1.893267e6
2.935644e6	1.8322e6
2.620319e6	1.794476e6
3.165645e6	1.6231e6
3.160456e6	1.697899e6
3.116322e6	1.807908e6
3.1179e6	1.65043e6
2.469526e6	1.718418e6
2.644352e6	1.669758e6
3.164674e6	1.812353e6
3.110265e6	1.744903e6
3.171533e6	1.987786e6
2.521905e6	1.663283e6
2.65917e6	1.772605e6
2.977295e6	1.650309e6
3.134135e6	1.664943e6
3.15647e6	1.675899e6
3.17288e6	1.916741e6
2.711059e6	1.885316e6
2.685596e6	1.614175e6
2.564048e6	1.742026e6
2.887312e6	1.70522e6
3.144058e6	1.90303e6
2.738275e6	1.649029e6
3.142025e6	1.76026e6
2.744382e6	1.745335e6
3.065915e6	1.708805e6
3.145659e6	1.674633e6
3.173474e6	1.745787e6
3.108457e6	1.907968e6
2.29787e6	1.667649e6
2.953053e6	1.680783e6
2.944185e6	1.500429e6
948957.0	1.514464e6
1.922691e6	1.68446e6
1.240304e6	1.305917e6
3.006685e6	1.480864e6
2.344755e6	1.385567e6
2.769391e6	1.492142e6
1.356464e6	1.781424e6
2.168907e6	1.407258e6
3.302451e6	1.672095e6
3.023998e6	1.55762e6
1.85654e6	1.357694e6
2.168224e6	1.433845e6
1.347301e6	1.465895e6
1.352537e6	1.492293e6
3.106049e6	1.306141e6
1.135881e6	1.347437e6
1.908865e6	1.315994e6
3.231671e6	1.508367e6
2.778804e6	1.386014e6
3.105578e6	1.440266e6
1.985632e6	1.385515e6
1.847302e6	1.473066e6
2.35325e6	1.343515e6
2.284605e6	1.430743e6
3.089745e6	1.365789e6
3.067379e6	1.371757e6
2.169619e6	1.568256e6
1.541293e6	1.491695e6
1.92264e6	1.423612e6
3.134256e6	1.260945e6
3.08092e6	1.458538e6
2.688131e6	1.64921e6
2.296757e6	1.441118e6
1.726885e6	1.681041e6
2.041e6	1.778144e6
3.011967e6	1.415597e6
3.047081e6	1.455134e6
3.129283e6	1.612002e6
1.112649e6	1.507037e6
1.66734e6	1.413088e6
3.014668e6	1.391046e6
1.663341e6	1.524978e6
952626.0	1.466673e6
1.415524e6	1.594978e6
1.981004e6	1.621379e6
1.977418e6	1.308849e6
1.541269e6	1.600261e6
3.266845e6	1.419478e6
2.736024e6	1.615654e6
3.065992e6	1.063128e6
1.274581e6	971688.0
2.284701e6	1.213999e6
1.59481e6	914176.0
3.027185e6	1.03537e6
2.669693e6	1.091149e6
2.982788e6	975752.0
1.710632e6	1.169433e6
2.50006e6	1.088392e6
3.157491e6	1.158869e6
3.118487e6	1.110693e6
2.223125e6	1.129235e6
2.508687e6	1.001165e6
1.707062e6	1.23239e6
1.713736e6	1.206357e6
3.137994e6	1.031966e6
1.474938e6	949862.0
2.284102e6	1.212818e6
3.141653e6	1.339169e6
2.985634e6	1.201312e6
3.142369e6	981733.0
2.34095e6	948676.0
2.215513e6	1.178098e6
2.677471e6	942838.0
2.628172e6	1.158701e6
3.052604e6	943219.0
3.121998e6	1.159397e6
2.515276e6	1.259083e6
1.906876e6	1.06616e6
2.283207e6	1.29771e6
3.128567e6	997814.0
3.140763e6	1.022574e6
2.91973e6	1.048907e6
2.621557e6	1.021308e6
2.094912e6	1.09638e6
2.397496e6	1.147897e6
3.118421e6	1.221552e6
3.137236e6	1.030818e6
3.156401e6	1.025207e6
1.459244e6	1.092723e6
2.033718e6	1.052809e6
3.115758e6	961312.0
2.033524e6	1.106309e6
1.280292e6	1.00415e6
1.782682e6	1.170529e6
2.343605e6	994206.0
2.339278e6	1.061885e6
1.907818e6	1.217213e6
3.132461e6	991937.0
2.974817e6	1.176415e6
3.093147e6	1.224922e6
1.879185e6	1.271882e6
2.817047e6	1.561857e6
2.214833e6	1.224626e6
2.938769e6	1.636453e6
3.048704e6	1.362044e6
3.128149e6	1.327374e6
2.337588e6	1.513884e6
2.965908e6	1.198571e6
2.820983e6	1.514178e6
3.060152e6	1.231374e6
2.773869e6	1.381593e6
2.964332e6	1.231302e6
2.332548e6	1.195014e6
2.328739e6	1.177511e6
3.011721e6	1.10217e6
2.092956e6	1.207981e6
2.825832e6	1.336023e6
2.848009e6	1.641507e6
3.131474e6	1.322764e6
3.012595e6	1.261158e6
2.855727e6	1.404457e6
2.77203e6	1.127152e6
3.028091e6	1.166675e6
3.028582e6	1.526669e6
2.881666e6	1.396636e6
3.021082e6	1.123669e6
2.962467e6	1.721811e6
2.523007e6	1.176664e6
2.81042e6	1.54223e6
2.96098e6	1.093809e6
3.030829e6	1.326764e6
3.117693e6	1.365639e6
3.022967e6	1.247444e6
2.67117e6	1.427561e6
2.905758e6	1.517561e6
3.069695e6	1.30096e6
3.085821e6	1.299302e6
2.99009e6	1.331504e6
2.07476e6	1.634642e6
2.623746e6	1.143864e6
3.080065e6	1.214963e6
2.623792e6	1.196962e6
1.888582e6	1.356455e6
2.392468e6	1.628129e6
2.860184e6	1.643519e6
2.85452e6	1.469664e6
2.518719e6	1.528322e6
2.816212e6	1.462867e6
3.140635e6	1.257831e6
863069.0	1.329771e6
2.833378e6	1.433939e6
1.772726e6	1.53022e6
2.475268e6	1.290401e6
814846.0	1.658321e6
1.322067e6	1.388004e6
992292.0	1.328162e6
2.353437e6	1.401657e6
1.521824e6	1.121595e6
513601.0	1.564575e6
820457.0	1.098973e6
1.820154e6	1.2901e6
1.523091e6	1.218461e6
2.358361e6	1.476856e6
2.354631e6	1.465669e6
730207.0	1.205928e6
2.61142e6	1.281761e6
1.767523e6	1.431476e6
578625.0	1.899436e6
988406.0	1.54567e6
734578.0	1.274129e6
1.700806e6	1.398148e6
1.818415e6	1.347088e6
1.340751e6	1.318155e6
1.382561e6	1.555739e6
733458.0	1.235524e6
757258.0	1.390212e6
1.514618e6	1.762116e6
2.153928e6	1.350947e6
1.76199e6	1.409393e6
693991.0	1.310994e6
748191.0	1.103814e6
1.05578e6	1.486348e6
1.405104e6	1.427112e6
1.940965e6	1.389794e6
1.637733e6	1.35573e6
801982.0	1.493629e6
783489.0	1.338756e6
815873.0	1.112319e6
2.634277e6	1.47887e6
2.012495e6	1.365907e6
794749.0	1.195455e6
2.01049e6	1.246398e6
2.854234e6	1.13489e6
2.290488e6	1.676355e6
1.691139e6	1.515891e6
1.685546e6	1.51549e6
2.161855e6	1.66051e6
551761.0	1.399628e6
1.033364e6	1.410439e6
3.051495e6	1.23137e6
1.16382e6	1.211727e6
2.160185e6	1.285238e6
1.476377e6	1.033897e6
3.032874e6	1.1047e6
2.576155e6	1.239697e6
2.924508e6	1.101641e6
1.588606e6	1.253256e6
2.408663e6	1.073921e6
3.21631e6	1.189631e6
3.077648e6	1.148196e6
2.09683e6	1.212889e6
2.402768e6	1.08891e6
1.586833e6	1.373159e6
1.586565e6	1.383962e6
3.132302e6	993504.0
1.365793e6	1.015998e6
2.160265e6	1.283174e6
3.17326e6	1.406596e6
2.927889e6	1.268718e6
3.144477e6	1.11433e6
2.225637e6	1.103022e6
2.098237e6	1.376153e6
2.567015e6	1.033123e6
2.520242e6	1.348662e6
3.077183e6	980674.0
3.133864e6	1.349759e6
2.400085e6	1.402866e6
1.783653e6	1.20339e6
2.162834e6	1.344378e6
3.146604e6	1.085258e6
3.127603e6	1.072795e6
2.867883e6	1.296159e6
2.515415e6	1.120371e6
1.974309e6	1.303952e6
2.279022e6	1.225626e6
3.104614e6	1.244758e6
3.107814e6	1.270503e6
3.152263e6	1.203517e6
1.343393e6	1.128697e6
1.9088e6	1.132396e6
3.097469e6	1.122156e6
1.903798e6	1.145512e6
1.162104e6	1.090837e6
1.69219e6	1.414203e6
2.222857e6	1.229061e6
2.224463e6	1.230531e6
1.775355e6	1.296161e6
3.19063e6	1.100636e6
2.894574e6	1.354885e6
2.939643e6	1.169968e6
960257.0	1.172075e6
1.909917e6	1.415219e6
1.247189e6	1.366612e6
2.993621e6	1.41107e6
2.352415e6	1.335759e6
2.781215e6	1.393426e6
1.355192e6	1.279722e6
2.169443e6	1.1536e6
3.303746e6	898087.0
3.007409e6	1.099537e6
1.853796e6	1.259513e6
2.169067e6	1.015286e6
1.36165e6	1.110579e6
1.360722e6	1.104294e6
3.09246e6	977516.0
1.134732e6	1.107678e6
1.919776e6	1.031437e6
3.237e6	1.463044e6
2.778277e6	1.217817e6
3.091676e6	937282.0
1.976176e6	1.382675e6
1.86168e6	1.164783e6
2.341723e6	1.033928e6
2.287657e6	1.427952e6
3.079165e6	1.152154e6
3.07381e6	1.042498e6
2.168666e6	1.503728e6
1.538046e6	1.117855e6
1.909947e6	1.216481e6
3.132917e6	983391.0
3.068732e6	1.123569e6
2.681382e6	1.057759e6
2.284774e6	951599.0
1.730888e6	1.006886e6
2.050479e6	1.273069e6
3.010046e6	1.108141e6
3.05014e6	1.432381e6
3.125688e6	1.117884e6
1.118931e6	1.173136e6
1.664423e6	1.073353e6
3.007898e6	1.346798e6
1.6632e6	1.0944e6
946785.0	1.115821e6
1.424156e6	1.482906e6
1.976374e6	1.509583e6
1.984674e6	1.35293e6
1.531104e6	1.45935e6
3.262423e6	1.355065e6
2.725825e6	1.08021e6
2.13323e6	827072.0
3.302206e6	743971.0
2.937914e6	1.057808e6
3.258486e6	833405.0
1.947613e6	911727.0
2.658674e6	823350.0
2.308739e6	929083.0
3.228504e6	1.037334e6
2.787616e6	921011.0
1.478455e6	573485.0
2.035329e6	917621.0
2.998798e6	1.068268e6
2.817307e6	662872.0
3.23058e6	694893.0
3.232981e6	689644.0
1.889369e6	753093.0
3.273574e6	683444.0
2.946168e6	726481.0
1.575097e6	970052.0
2.32541e6	700225.0
1.894762e6	623607.0
2.919727e6	933685.0
2.998203e6	748240.0
2.672281e6	676850.0
2.729068e6	976098.0
1.786876e6	956853.0
1.942709e6	660767.0
2.811369e6	974708.0
3.138996e6	800727.0
2.959578e6	1.032824e6
1.795756e6	651814.0
1.947437e6	936626.0
2.639366e6	652078.0
2.737193e6	590663.0
3.054258e6	635801.0
2.873874e6	1.011224e6
2.024024e6	741605.0
1.984792e6	973459.0
1.854617e6	921870.0
3.297785e6	975153.0
3.093356e6	678037.0
2.04603e6	999784.0
3.076052e6	865958.0
3.294455e6	927321.0
3.203778e6	994447.0
2.905205e6	1.098529e6
2.927782e6	938862.0
3.174426e6	998390.0
1.527126e6	941118.0
2.379208e6	702797.0
2.418676e6	1.337536e6
3.186665e6	1.380725e6
3.11235e6	1.5712e6
3.241654e6	1.255601e6
2.210299e6	1.429285e6
2.904705e6	1.345419e6
2.581364e6	1.355142e6
3.228475e6	1.567109e6
3.001481e6	1.294789e6
1.780791e6	1.618058e6
2.307848e6	1.357948e6
3.119101e6	1.211661e6
2.977895e6	1.392397e6
3.241688e6	1.342681e6
3.227934e6	1.359081e6
2.202634e6	1.192389e6
3.214788e6	1.300269e6
3.102428e6	1.293919e6
1.888811e6	1.490043e6
2.567533e6	1.363172e6
2.187974e6	1.404776e6
3.077479e6	1.334238e6
3.137374e6	1.341452e6
2.900196e6	1.264304e6
2.930171e6	1.369029e6
2.050287e6	1.257226e6
2.217689e6	1.242676e6
2.982612e6	1.482482e6
3.209063e6	1.337973e6
3.098078e6	1.372594e6
2.082512e6	1.198754e6
2.226182e6	1.355736e6
2.675085e6	1.532261e6
2.909404e6	1.380499e6
3.165079e6	1.513059e6
3.041404e6	1.522417e6
2.331184e6	1.418102e6
2.255419e6	1.307039e6
2.156344e6	1.414231e6
3.227512e6	1.457826e6
3.197215e6	1.344898e6
2.316205e6	1.206499e6
3.181631e6	1.333346e6
3.164187e6	1.366085e6
3.220271e6	1.464779e6
3.078033e6	1.471653e6
3.083494e6	1.251571e6
3.231113e6	1.534654e6
1.819527e6	1.364975e6
2.630927e6	1.464918e6
451981.0	1.016024e6
2.279943e6	1.114101e6
1.095962e6	1.130594e6
1.865102e6	941264.0
470756.0	1.273874e6
712091.0	1.054443e6
508471.0	1.149005e6
1.716656e6	1.089848e6
864474.0	843203.0
319112.0	1.127661e6
437559.0	994589.0
1.150736e6	1.228491e6
858339.0	1.002421e6
1.719819e6	1.026601e6
1.713693e6	1.051733e6
416109.0	883243.0
2.016095e6	974498.0
1.092517e6	1.056994e6
350525.0	1.401721e6
500056.0	1.017555e6
406205.0	1.070038e6
1.032983e6	1.15463e6
1.158209e6	968380.0
718793.0	917709.0
756505.0	1.310795e6
445213.0	1.116072e6
420326.0	1.02978e6
863232.0	1.453696e6
1.494329e6	987258.0
1.102822e6	1.230323e6
404512.0	923942.0
423424.0	982736.0
530598.0	1.213944e6
758922.0	1.087842e6
1.291594e6	1.271839e6
966793.0	1.114409e6
441447.0	848922.0
431050.0	1.170194e6
399813.0	1.068186e6
2.039185e6	1.202023e6
1.348213e6	871419.0
435383.0	1.062927e6
1.350814e6	973588.0
2.282776e6	1.009815e6
1.642455e6	1.422548e6
1.034728e6	1.350418e6
1.02509e6	1.247226e6
1.494648e6	1.143628e6
340464.0	1.197911e6
523778.0	1.127654e6
364778.0	1.249582e6
2.183848e6	1.291051e6
947021.0	1.425101e6
1.742734e6	1.148372e6
400758.0	1.288005e6
573386.0	1.353942e6
399280.0	1.138758e6
1.588089e6	1.430495e6
718596.0	1.202849e6
269556.0	1.499636e6
348222.0	1.160744e6
1.016762e6	1.101778e6
712670.0	1.305589e6
1.587041e6	1.282792e6
1.585116e6	1.281787e6
333557.0	1.119947e6
1.89329e6	1.22016e6
954717.0	1.249309e6
322662.0	1.407417e6
393704.0	1.25526e6
332134.0	1.316155e6
886154.0	1.215908e6
1.012972e6	1.291862e6
580969.0	1.141619e6
615647.0	1.237835e6
367541.0	1.131244e6
342402.0	1.271429e6
716277.0	1.347995e6
1.355901e6	1.297996e6
949826.0	1.272705e6
328961.0	1.230841e6
340220.0	1.194012e6
418520.0	1.397271e6
626126.0	1.270881e6
1.146109e6	1.350169e6
825118.0	1.382847e6
352804.0	1.413253e6
343165.0	1.159189e6
327466.0	1.213224e6
1.914509e6	1.318998e6
1.213058e6	1.339047e6
356544.0	1.103923e6
1.210556e6	1.206238e6
2.178803e6	1.210837e6
1.507258e6	1.377312e6
882199.0	1.30463e6
885196.0	1.146998e6
1.355508e6	1.414207e6
297002.0	1.207758e6
407336.0	1.31307e6
3.002387e6	1.180006e6
2.267021e6	1.243418e6
3.032567e6	1.59224e6
2.579684e6	1.137421e6
2.803487e6	1.363468e6
3.140986e6	1.252073e6
3.071908e6	1.221853e6
2.681651e6	1.473012e6
3.09882e6	1.247102e6
2.596654e6	1.496496e6
2.964499e6	1.296203e6
2.998876e6	1.146295e6
3.126148e6	1.315314e6
2.682741e6	1.239729e6
2.67616e6	1.225124e6
2.862689e6	1.182359e6
2.463621e6	1.203604e6
3.028898e6	1.366953e6
2.648428e6	1.5085e6
3.089869e6	1.319309e6
2.871973e6	1.27653e6
3.382573e6	1.187253e6
3.008009e6	1.190778e6
3.134472e6	1.158969e6
3.122695e6	1.265655e6
2.729999e6	1.183134e6
2.879288e6	1.104984e6
3.101827e6	1.409318e6
2.814595e6	1.262766e6
3.029765e6	1.320801e6
2.78416e6	1.115046e6
2.861115e6	1.294871e6
3.105145e6	1.331867e6
3.149112e6	1.276972e6
2.94698e6	1.329627e6
3.05861e6	1.447201e6
2.953881e6	1.396765e6
2.926855e6	1.173417e6
2.837976e6	1.34494e6
2.451233e6	1.452045e6
2.915465e6	1.233801e6
2.957123e6	1.148555e6
2.897673e6	1.280252e6
2.266589e6	1.303793e6
2.730722e6	1.309028e6
2.711852e6	1.375064e6
3.410341e6	1.144049e6
2.819868e6	1.575761e6
2.613021e6	1.231301e6
3.098511e6	1.319737e6
500418.0	1.128616e6
2.288452e6	1.205706e6
1.119703e6	1.455633e6
1.871209e6	1.141197e6
499373.0	1.481271e6
745543.0	1.366618e6
533352.0	1.125793e6
1.739377e6	1.337217e6
893002.0	1.138741e6
353107.0	1.338815e6
470949.0	1.047775e6
1.181656e6	1.262196e6
893939.0	1.133333e6
1.732209e6	1.274156e6
1.730112e6	1.250127e6
431905.0	1.038576e6
2.026522e6	1.085178e6
1.124427e6	1.351412e6
391927.0	1.657883e6
540664.0	1.32789e6
440930.0	1.168744e6
1.059963e6	1.281435e6
1.184048e6	1.202799e6
741717.0	1.085767e6
788275.0	1.439957e6
470467.0	1.222558e6
443606.0	1.198734e6
895429.0	1.575828e6
1.522798e6	1.171589e6
1.121863e6	1.446553e6
432955.0	1.110931e6
449778.0	1.189253e6
565473.0	1.264425e6
800608.0	1.172346e6
1.301653e6	1.191079e6
1.000859e6	1.280346e6
462971.0	1.367672e6
461203.0	1.215355e6
429278.0	1.118268e6
2.043211e6	1.463196e6
1.377305e6	1.194128e6
464932.0	1.078676e6
1.381488e6	1.082237e6
2.292147e6	1.21325e6
1.653396e6	1.520573e6
1.063725e6	1.3882e6
1.061679e6	1.358363e6
1.519896e6	1.52093e6
368278.0	1.29081e6
560520.0	1.180455e6
919703.0	1.195432e6
2.647588e6	1.153762e6
1.688625e6	1.422181e6
2.337308e6	1.014386e6
820426.0	1.186766e6
1.314392e6	1.228496e6
1.005771e6	1.166287e6
2.20628e6	1.396044e6
1.467762e6	1.142591e6
616988.0	924836.0
863876.0	1.150076e6
1.733184e6	1.373351e6
1.451116e6	1.082924e6
2.206432e6	874987.0
2.210752e6	867784.0
803335.0	995626.0
2.448925e6	997551.0
1.679934e6	1.032706e6
661382.0	1.387257e6
996729.0	1.001966e6
796121.0	1.136392e6
1.600601e6	1.229441e6
1.738012e6	966536.0
1.310928e6	1.03416e6
1.343788e6	1.272103e6
808987.0	1.2646e6
834179.0	969849.0
1.451596e6	1.40471e6
2.028483e6	1.036379e6
1.675527e6	1.524609e6
841392.0	950438.0
819957.0	1.183263e6
1.041022e6	923617.0
1.352352e6	809502.0
1.850371e6	1.002548e6
1.552708e6	1.334851e6
868535.0	955158.0
848990.0	1.242859e6
783688.0	1.165324e6
2.459952e6	1.280124e6
1.916857e6	889732.0
870651.0	1.329749e6
1.912242e6	1.094468e6
2.663769e6	1.17815e6
2.144611e6	1.5237e6
1.618891e6	1.521121e6
1.611076e6	1.445105e6
2.026738e6	1.328906e6
644433.0	1.228646e6
1.045646e6	862051.0
2.698703e6	1.384619e6
666200.0	1.44748e6
1.550462e6	1.430651e6
925974.0	1.217842e6
2.852708e6	1.612817e6
1.993333e6	1.338392e6
2.478432e6	1.409408e6
1.02576e6	1.508512e6
1.803274e6	1.078826e6
3.317311e6	1.408478e6
2.793966e6	1.208697e6
1.490349e6	1.361613e6
1.802489e6	1.179157e6
1.026246e6	1.4111e6
1.026721e6	1.426813e6
2.936084e6	1.123946e6
542359.0	1.18881e6
1.560381e6	1.330761e6
3.210917e6	1.813372e6
2.476975e6	1.338375e6
2.938166e6	1.230507e6
1.619334e6	1.354805e6
1.483711e6	1.359048e6
1.987911e6	1.184993e6
1.931932e6	1.513761e6
2.995738e6	1.271609e6
2.896908e6	1.382673e6
1.80589e6	1.758757e6
1.191448e6	1.376309e6
1.545052e6	1.394416e6
3.021325e6	1.223142e6
2.894286e6	1.118816e6
2.363061e6	1.519006e6
1.933871e6	1.337308e6
1.370914e6	1.456448e6
1.683547e6	1.53091e6
2.794796e6	1.202678e6
2.849284e6	1.402528e6
2.9838e6	1.266225e6
606489.0	1.397694e6
1.315193e6	1.341273e6
2.791242e6	1.31344e6
1.311631e6	1.288652e6
665648.0	1.145639e6
1.074124e6	1.78194e6
1.613694e6	1.54774e6
1.61986e6	1.431109e6
1.189434e6	1.469649e6
3.269256e6	1.372124e6
2.410791e6	1.447229e6
269297.0	1.543535e6
2.19525e6	1.530511e6
883753.0	1.462388e6
1.720669e6	1.421703e6
305996.0	1.41001e6
486707.0	1.605232e6
286860.0	1.477965e6
1.566156e6	1.506519e6
645114.0	1.407444e6
183803.0	1.527194e6
252243.0	1.464161e6
959242.0	1.54672e6
645966.0	1.411527e6
1.560282e6	1.722759e6
1.569064e6	1.723279e6
232468.0	1.304977e6
1.896389e6	1.370736e6
890152.0	1.615107e6
195435.0	1.872132e6
301812.0	1.642252e6
226282.0	1.443335e6
828502.0	1.501271e6
955323.0	1.674789e6
493468.0	1.388507e6
536752.0	1.758884e6
305546.0	1.406856e6
236419.0	1.654673e6
642506.0	1.946467e6
1.32324e6	1.487588e6
888753.0	1.713815e6
225196.0	1.38812e6
241184.0	1.428698e6
319263.0	1.644179e6
535660.0	1.481328e6
1.087811e6	1.659206e6
758436.0	1.561476e6
251268.0	1.556693e6
245136.0	1.646474e6
224661.0	1.528808e6
1.917457e6	1.400815e6
1.174848e6	1.634861e6
253394.0	1.436186e6
1.173049e6	1.432242e6
2.196949e6	1.443857e6
1.479112e6	1.817845e6
828647.0	1.430193e6
824282.0	1.629954e6
1.320191e6	1.492612e6
203715.0	1.511502e6
312056.0	1.690496e6
2.845158e6	888945.0
877498.0	901896.0
1.800272e6	1.147555e6
1.419088e6	899244.0
2.966431e6	1.069172e6
2.237307e6	1.046044e6
2.675953e6	1.018583e6
1.262243e6	1.066935e6
2.053651e6	1.043668e6
3.316447e6	843669.0
2.939841e6	1.079313e6
1.749012e6	1.237102e6
2.059959e6	902863.0
1.259749e6	859219.0
1.251512e6	860851.0
3.04526e6	884184.0
1.049859e6	832030.0
1.808107e6	973918.0
3.247418e6	1.168087e6
2.683738e6	895692.0
3.048746e6	891312.0
1.862692e6	1.063572e6
1.74412e6	897143.0
2.244498e6	824095.0
2.179405e6	1.183378e6
3.064668e6	1.13842e6
3.023904e6	822637.0
2.06314e6	1.222629e6
1.426829e6	919328.0
1.80296e6	1.179832e6
3.100594e6	799759.0
3.01435e6	1.141596e6
2.591572e6	911979.0
2.184176e6	839290.0
1.624581e6	946900.0
1.929625e6	1.065886e6
2.956987e6	853560.0
2.998433e6	1.069198e6
3.083577e6	1.150402e6
1.022245e6	1.202531e6
1.567342e6	807043.0
2.959666e6	1.086373e6
1.55809e6	988080.0
877009.0	1.154117e6
1.311238e6	1.223361e6
1.874444e6	1.203252e6
1.871964e6	1.086147e6
1.43773e6	1.122498e6
3.274734e6	1.112231e6
2.629886e6	926095.0
476353.0	805390.0
2.486781e6	816373.0
1.233864e6	922854.0
2.03812e6	649976.0
473250.0	819456.0
814562.0	730214.0
551857.0	787364.0
1.883062e6	881692.0
979788.0	632686.0
285849.0	646963.0
443888.0	758855.0
1.296142e6	844018.0
970900.0	598899.0
1.880563e6	717698.0
1.890475e6	725537.0
438173.0	615378.0
2.198625e6	660140.0
1.232022e6	741165.0
331334.0	1.029887e6
541719.0	727815.0
402299.0	620042.0
1.172981e6	707211.0
1.299635e6	738184.0
813076.0	694418.0
859431.0	822951.0
432196.0	699907.0
413617.0	722699.0
982858.0	983003.0
1.65345e6	780404.0
1.231261e6	822611.0
396163.0	623603.0
409820.0	657279.0
588711.0	778093.0
859043.0	629023.0
1.438317e6	760191.0
1.103189e6	855951.0
439198.0	662217.0
433555.0	785365.0
386004.0	794181.0
2.221537e6	793832.0
1.500673e6	623645.0
445812.0	765463.0
1.50221e6	771493.0
2.470111e6	673151.0
1.817741e6	1.002822e6
1.160066e6	977207.0
1.168293e6	855906.0
1.651998e6	936401.0
308570.0	731101.0
568709.0	743228.0
2.429628e6	1.440511e6
3.168883e6	1.37504e6
3.113538e6	1.497462e6
3.218732e6	1.278466e6
2.233496e6	1.295462e6
2.871295e6	1.194862e6
2.583996e6	1.37611e6
3.247941e6	1.464848e6
2.990581e6	1.126095e6
1.78975e6	1.088461e6
2.347179e6	1.30013e6
3.120994e6	1.402295e6
2.989106e6	892842.0
3.237893e6	1.432826e6
3.241697e6	1.43473e6
2.185709e6	1.118242e6
3.216859e6	1.012786e6
3.10543e6	1.367226e6
1.883112e6	1.553158e6
2.596085e6	1.428037e6
2.20485e6	909095.0
3.070575e6	1.158897e6
3.131496e6	1.483456e6
2.889666e6	1.218297e6
2.918828e6	1.369432e6
2.072723e6	1.121277e6
2.251659e6	1.379074e6
2.979468e6	1.486615e6
3.216382e6	1.345323e6
3.121351e6	1.227643e6
2.090271e6	1.123803e6
2.245189e6	1.013919e6
2.675025e6	1.292014e6
2.915188e6	1.104625e6
3.180098e6	1.2139e6
3.04549e6	1.44345e6
2.325069e6	1.35274e6
2.330979e6	1.454675e6
2.136881e6	1.244553e6
3.226787e6	1.217882e6
3.176726e6	1.231229e6
2.318528e6	1.412693e6
3.194657e6	1.32744e6
3.177334e6	986622.0
3.243475e6	1.589544e6
3.073853e6	1.552424e6
3.069225e6	1.417785e6
3.215049e6	1.512371e6
1.826493e6	1.11107e6
2.607495e6	1.398121e6
3.036527e6	1.337322e6
2.137541e6	1.317297e6
2.947132e6	1.742427e6
2.457418e6	1.298656e6
2.89185e6	1.640113e6
3.137475e6	1.567849e6
3.100632e6	1.317041e6
2.573518e6	1.605521e6
3.06831e6	1.394179e6
2.664835e6	1.410887e6
3.001787e6	1.355907e6
2.927001e6	1.671399e6
3.070733e6	1.447933e6
2.567712e6	1.224666e6
2.569229e6	1.193911e6
2.921472e6	1.261899e6
2.346279e6	1.280555e6
3.24801e6	1.470843e6
2.712868e6	1.905118e6
3.092342e6	1.523086e6
2.91597e6	1.453833e6
2.999831e6	1.505e6
2.946895e6	1.236551e6
3.118568e6	1.261059e6
3.098552e6	1.680893e6
2.789011e6	1.579604e6
2.953129e6	1.306537e6
3.067001e6	1.939167e6
2.737386e6	1.189548e6
2.861258e6	1.920695e6
2.834316e6	1.22395e6
2.944472e6	1.46618e6
3.112492e6	1.159656e6
3.087657e6	1.162934e6
2.862066e6	1.323721e6
3.031623e6	1.556958e6
2.985106e6	1.394431e6
2.950651e6	1.493738e6
2.885286e6	1.364449e6
2.33803e6	1.716961e6
2.823596e6	1.170309e6
2.984377e6	1.50166e6
2.811259e6	1.253581e6
2.146292e6	1.465117e6
2.624671e6	1.881635e6
2.985652e6	1.735337e6
3.002762e6	1.801462e6
2.719618e6	1.730236e6
2.679183e6	1.548826e6
3.12127e6	1.179923e6
610598.0	1.333257e6
2.488454e6	1.413505e6
1.343811e6	1.393351e6
2.08985e6	1.122159e6
599173.0	1.345994e6
946915.0	970817.0
677902.0	1.390472e6
1.957453e6	1.322005e6
1.107699e6	890677.0
389282.0	1.200484e6
569502.0	1.174716e6
1.418663e6	1.157424e6
1.107071e6	956249.0
1.961674e6	1.314763e6
1.951758e6	1.33304e6
524616.0	1.028325e6
2.23992e6	1.002186e6
1.345189e6	1.193806e6
428980.0	1.549878e6
680146.0	1.293791e6
550846.0	1.018863e6
1.269184e6	1.056712e6
1.405393e6	1.276593e6
951474.0	1.167035e6
994042.0	1.251249e6
561495.0	983715.0
547329.0	1.266615e6
1.105958e6	1.419992e6
1.740776e6	1.291086e6
1.335039e6	1.038736e6
493347.0	1.100579e6
544856.0	867943.0
725423.0	1.430043e6
999073.0	1.228001e6
1.53142e6	1.349854e6
1.222513e6	1.309954e6
563075.0	1.140257e6
553544.0	1.289966e6
513856.0	1.208365e6
2.256051e6	1.139621e6
1.600802e6	1.120903e6
562067.0	1.226972e6
1.591041e6	1.221134e6
2.491004e6	871846.0
1.879994e6	1.423845e6
1.275641e6	1.422273e6
1.277571e6	1.220906e6
1.737674e6	1.459669e6
420159.0	1.049227e6
698417.0	1.373032e6
3.045127e6	1.676386e6
2.142858e6	1.686826e6
2.807897e6	2.015934e6
2.458989e6	1.297533e6
2.881262e6	1.563284e6
3.09234e6	1.449583e6
3.095429e6	1.484763e6
2.572835e6	1.977616e6
3.063836e6	1.447473e6
2.666916e6	1.667536e6
2.989373e6	1.615842e6
2.952907e6	1.442596e6
3.084822e6	1.467042e6
2.570737e6	1.46162e6
2.575463e6	1.47772e6
2.936561e6	1.485785e6
2.341865e6	1.347129e6
2.860275e6	1.49524e6
2.722313e6	1.827148e6
3.100046e6	1.524974e6
2.923102e6	1.520079e6
3.005928e6	1.318873e6
2.946038e6	1.548632e6
3.106151e6	1.49259e6
3.113516e6	1.308328e6
2.775895e6	1.441975e6
2.947398e6	1.487805e6
3.079592e6	1.560105e6
2.72346e6	1.673615e6
2.897466e6	1.573408e6
2.853643e6	1.444934e6
2.949001e6	1.381587e6
3.148167e6	1.54327e6
3.117878e6	1.385894e6
2.86885e6	1.522588e6
3.037482e6	1.878232e6
2.983328e6	1.652478e6
2.990982e6	1.38334e6
2.904948e6	1.537842e6
2.328107e6	1.660474e6
2.822067e6	1.555592e6
2.996759e6	1.493809e6
2.825398e6	1.676269e6
2.139261e6	1.359246e6
2.621063e6	1.655534e6
3.000265e6	1.684445e6
3.008054e6	1.408571e6
2.731976e6	1.946446e6
2.670506e6	1.314229e6
3.101354e6	1.513175e6
1.062745e6	1.403517e6
3.013617e6	1.395869e6
2.037268e6	1.524559e6
2.692356e6	1.129667e6
980916.0	1.221032e6
1.603898e6	1.018987e6
1.208814e6	1.328862e6
2.568884e6	1.464006e6
1.767653e6	1.030957e6
647477.0	1.048517e6
1.003892e6	1.254966e6
2.070328e6	1.170016e6
1.781076e6	894599.0
2.577463e6	1.3458e6
2.589191e6	1.346245e6
907282.0	1.093834e6
2.819211e6	977267.0
2.021068e6	1.184889e6
712683.0	1.514814e6
1.207443e6	1.320337e6
907293.0	917898.0
1.941788e6	964425.0
2.077256e6	1.408877e6
1.593626e6	1.164771e6
1.674774e6	1.108837e6
881434.0	947653.0
896789.0	1.321992e6
1.781734e6	1.280874e6
2.388494e6	1.416029e6
2.021332e6	996924.0
836834.0	1.13728e6
1.105755e6	885708.0
1.298439e6	1.299002e6
1.66644e6	1.086784e6
2.201706e6	1.160565e6
1.883971e6	1.426955e6
990976.0	1.305538e6
963345.0	1.249171e6
871257.0	1.169265e6
2.830055e6	1.04711e6
2.273843e6	1.235614e6
992300.0	1.288227e6
2.272417e6	1.347097e6
3.007491e6	848437.0
2.515349e6	1.335722e6
1.973492e6	1.376809e6
1.938766e6	1.144439e6
2.386463e6	1.571277e6
680618.0	921174.0
1.247493e6	1.319148e6
3.020382e6	1.67128e6
2.142584e6	1.641185e6
2.648398e6	1.937708e6
2.458603e6	1.323031e6
2.881311e6	1.537877e6
3.093549e6	1.382029e6
3.096519e6	1.482461e6
2.567721e6	2.008632e6
3.086092e6	1.514857e6
2.670903e6	1.694679e6
2.986769e6	1.647255e6
2.939665e6	1.431229e6
3.069954e6	1.46299e6
2.562509e6	1.4201e6
2.57813e6	1.44272e6
2.928312e6	1.46532e6
2.339577e6	1.381752e6
3.119676e6	1.43526e6
2.715158e6	1.681526e6
3.083058e6	1.458992e6
2.919544e6	1.478396e6
2.994037e6	1.327585e6
2.936658e6	1.509798e6
3.105995e6	1.521142e6
3.108995e6	1.328092e6
2.799073e6	1.447509e6
2.937422e6	1.441926e6
3.06783e6	1.516745e6
2.725591e6	1.63555e6
2.669984e6	1.599962e6
2.837326e6	1.40551e6
2.951968e6	1.503763e6
3.137664e6	1.551427e6
3.091167e6	1.419075e6
2.858945e6	1.562674e6
3.020222e6	1.947926e6
2.99138e6	1.615409e6
2.999285e6	1.404507e6
2.900676e6	1.622261e6
2.334585e6	1.657218e6
2.821891e6	1.516879e6
2.982452e6	1.499424e6
2.821414e6	1.649842e6
2.133192e6	1.474454e6
2.627818e6	1.593846e6
3.00216e6	1.7529e6
2.987995e6	1.427594e6
2.731593e6	1.837788e6
2.667762e6	1.36045e6
3.110736e6	1.536502e6
859248.0	1.597871e6
2.853255e6	1.542078e6
1.769772e6	1.53129e6
2.490759e6	1.500752e6
818729.0	1.553967e6
1.360208e6	1.619808e6
984673.0	1.616401e6
2.354505e6	1.730622e6
1.511207e6	1.522801e6
515638.0	1.611423e6
814492.0	1.636022e6
1.837861e6	1.717564e6
1.521313e6	1.514205e6
2.359881e6	1.663033e6
2.35224e6	1.678774e6
735839.0	1.390222e6
2.623608e6	1.488365e6
1.759557e6	1.623523e6
584050.0	1.80072e6
979636.0	1.65765e6
726603.0	1.532798e6
1.700421e6	1.620111e6
1.83981e6	1.627397e6
1.346133e6	1.506851e6
1.397895e6	1.862633e6
722276.0	1.590746e6
755053.0	1.590252e6
1.516933e6	2.097666e6
2.154729e6	1.449036e6
1.76937e6	1.870056e6
701606.0	1.343449e6
752064.0	1.62266e6
1.059567e6	1.64304e6
1.409327e6	1.502981e6
1.950899e6	1.808045e6
1.646559e6	1.835539e6
810373.0	1.446978e6
786011.0	1.760941e6
823298.0	1.70975e6
2.631764e6	1.548876e6
2.033611e6	1.5419e6
804609.0	1.545484e6
2.029924e6	1.510157e6
2.866264e6	1.640003e6
2.306206e6	1.966248e6
1.703647e6	1.679987e6
1.701638e6	1.763291e6
2.162392e6	1.469182e6
554052.0	1.669064e6
1.030364e6	1.706935e6
179942.0	1.502836e6
2.098945e6	1.517527e6
755421.0	1.626337e6
1.604248e6	1.316672e6
232704.0	1.493558e6
368667.0	1.419086e6
196016.0	1.500486e6
1.447792e6	1.735519e6
507915.0	1.381869e6
123407.0	1.650148e6
170712.0	1.543225e6
822448.0	1.364331e6
513957.0	1.428034e6
1.445142e6	1.50103e6
1.445475e6	1.527481e6
159071.0	1.278914e6
1.785702e6	1.347688e6
756895.0	1.314143e6
148862.0	1.507141e6
196876.0	1.398929e6
159494.0	1.448794e6
693964.0	1.410091e6
821816.0	1.510272e6
364599.0	1.343051e6
404472.0	1.472843e6
221438.0	1.353086e6
164296.0	1.416694e6
516282.0	1.605647e6
1.195952e6	1.4794e6
759241.0	1.446729e6
163960.0	1.27212e6
165158.0	1.44353e6
213439.0	1.683817e6
410248.0	1.466089e6
963038.0	1.698237e6
632501.0	1.742537e6
168142.0	1.39921e6
167842.0	1.48322e6
157514.0	1.592177e6
1.805732e6	1.478172e6
1.038432e6	1.435854e6
170236.0	1.367315e6
1.037134e6	1.490701e6
2.097945e6	1.45123e6
1.358554e6	1.654638e6
692532.0	1.582132e6
690756.0	1.317816e6
1.194381e6	1.562222e6
138458.0	1.449187e6
205383.0	1.645714e6
828816.0	1.390376e6
2.673854e6	1.381152e6
1.638704e6	1.542814e6
2.327843e6	960013.0
862949.0	1.361517e6
1.233208e6	1.09358e6
943028.0	1.263338e6
2.197478e6	1.497971e6
1.395098e6	1.004707e6
535915.0	1.012602e6
774656.0	1.287508e6
1.681713e6	1.428582e6
1.389502e6	1.09825e6
2.184506e6	1.024197e6
2.210441e6	1.028869e6
714732.0	1.132741e6
2.448808e6	1.01475e6
1.626544e6	994334.0
600131.0	1.590163e6
914906.0	1.146561e6
716188.0	1.169011e6
1.568142e6	1.084741e6
1.685622e6	1.087332e6
1.246879e6	1.131772e6
1.282924e6	1.187877e6
728494.0	1.29397e6
718014.0	1.152985e6
1.392729e6	1.442428e6
2.000391e6	1.230902e6
1.633184e6	1.440646e6
610950.0	1.083807e6
741687.0	1.015111e6
969320.0	1.078209e6
1.303681e6	926381.0
1.81222e6	1.125426e6
1.506105e6	1.440623e6
782315.0	1.044831e6
761441.0	1.193026e6
701010.0	1.225629e6
2.466229e6	1.351379e6
1.873165e6	989989.0
783378.0	1.361241e6
1.883159e6	1.288087e6
2.67873e6	1.010104e6
2.122367e6	1.573704e6
1.574531e6	1.567137e6
1.562604e6	1.45488e6
2.002652e6	1.506606e6
565261.0	1.084422e6
951834.0	1.019136e6
95694.0	1.407926e6
2.081197e6	1.433588e6
686679.0	1.505261e6
1.572857e6	1.142431e6
154851.0	1.279819e6
274687.0	1.044508e6
113673.0	1.348058e6
1.401283e6	1.427482e6
431686.0	1.000897e6
60190.0	1.092615e6
87395.0	1.229187e6
748754.0	1.181482e6
430398.0	918158.0
1.400839e6	1.381491e6
1.400598e6	1.386423e6
79024.0	1.10129e6
1.758267e6	1.011477e6
689479.0	1.183871e6
80731.0	1.579871e6
107858.0	1.347707e6
78937.0	955698.0
615037.0	1.003207e6
757927.0	1.413268e6
274832.0	1.181518e6
323971.0	1.172569e6
154054.0	971819.0
82607.0	1.337712e6
436631.0	1.36526e6
1.136247e6	1.414432e6
680619.0	1.015192e6
88867.0	1.148696e6
80143.0	857619.0
124723.0	1.354646e6
322399.0	1.147606e6
898481.0	1.215915e6
553106.0	1.393225e6
90303.0	1.277831e6
85587.0	1.260974e6
74249.0	1.147078e6
1.776547e6	1.075545e6
978650.0	1.25699e6
89189.0	1.271481e6
975845.0	1.332325e6
2.078983e6	825604.0
1.312958e6	1.394762e6
619466.0	1.417458e6
618376.0	1.199059e6
1.133641e6	1.57662e6
86402.0	970875.0
115205.0	1.367074e6
2.507936e6	1.417644e6
3.102239e6	1.332717e6
3.130059e6	1.527995e6
3.199662e6	1.238947e6
2.316159e6	1.190936e6
2.955389e6	1.178871e6
2.660611e6	1.352794e6
3.214378e6	1.489786e6
3.051187e6	1.164323e6
1.893087e6	1.047129e6
2.430966e6	1.329544e6
3.157131e6	1.369368e6
3.029835e6	888599.0
3.225015e6	1.361215e6
3.201693e6	1.355257e6
2.303837e6	1.112097e6
3.171205e6	987732.0
3.133802e6	1.328178e6
1.989947e6	1.466398e6
2.662816e6	1.362025e6
2.284998e6	878232.0
3.089525e6	1.116054e6
3.147876e6	1.446759e6
2.93869e6	1.170898e6
3.000761e6	1.30425e6
2.175505e6	1.089975e6
2.318908e6	1.349282e6
3.028204e6	1.369832e6
3.217923e6	1.357323e6
3.138918e6	1.251676e6
2.174359e6	1.11901e6
2.329313e6	1.051524e6
2.736997e6	1.227309e6
2.99781e6	1.024507e6
3.187252e6	1.162667e6
3.114698e6	1.467764e6
2.420477e6	1.348987e6
2.393837e6	1.422828e6
2.237334e6	1.274086e6
3.19232e6	1.183268e6
3.214843e6	1.206158e6
2.410731e6	1.426817e6
3.204731e6	1.345656e6
3.069386e6	1.026359e6
3.218931e6	1.5006e6
3.126525e6	1.494532e6
3.10071e6	1.322274e6
3.219862e6	1.507754e6
1.92622e6	1.082317e6
2.701506e6	1.327433e6
2.724056e6	1.215543e6
2.853677e6	1.326762e6
3.165045e6	1.275589e6
3.048557e6	1.020449e6
2.548246e6	1.370218e6
3.100224e6	986395.0
2.855836e6	1.290553e6
3.112277e6	1.231116e6
3.142744e6	788871.0
2.185194e6	1.231371e6
2.646739e6	1.126703e6
3.181531e6	1.244176e6
3.135105e6	991399.0
3.099129e6	1.227061e6
3.116859e6	1.245986e6
2.543899e6	990445.0
2.979135e6	1.012139e6
3.18583e6	1.090319e6
2.25674e6	1.545e6
2.85573e6	1.222198e6
2.554221e6	1.054446e6
3.168136e6	1.076398e6
3.193972e6	1.176211e6
3.086838e6	1.108104e6
3.566045e6	1.26567e6
2.404063e6	1.10735e6
2.591058e6	1.204553e6
3.148726e6	1.478554e6
3.164987e6	1.198679e6
3.177094e6	1.125173e6
2.442767e6	1.069726e6
2.583488e6	862479.0
2.927297e6	1.37349e6
3.386494e6	1.217999e6
3.174273e6	1.369817e6
3.159986e6	1.256586e6
2.659151e6	1.038638e6
2.630309e6	1.194062e6
2.506335e6	1.158812e6
2.982817e6	1.22758e6
3.168086e6	1.047638e6
2.658071e6	1.132399e6
3.17966e6	1.130904e6
2.849275e6	884694.0
3.123134e6	1.468034e6
3.164973e6	1.432997e6
3.165779e6	1.278648e6
3.143942e6	1.346956e6
2.211675e6	1.120818e6
2.897633e6	1.31678e6
50.0	1.888657e6
1.982183e6	1.754635e6
548603.0	1.851661e6
1.455929e6	1.528324e6
73198.0	1.444683e6
141246.0	1.657157e6
1593.0	1.681625e6
1.278401e6	2.048288e6
295344.0	1.722371e6
0.0	1.459117e6
47.0	1.867641e6
618535.0	1.871848e6
293597.0	1.516015e6
1.27758e6	1.619704e6
1.277006e6	1.622737e6
0.0	1.565798e6
1.645547e6	1.457592e6
548196.0	1.672197e6
12614.0	1.90262e6
1784.0	1.703985e6
0.0	1.548796e6
481340.0	1.567027e6
619387.0	1.717025e6
141400.0	1.661866e6
187225.0	1.764337e6
74864.0	1.700489e6
33.0	1.637453e6
295256.0	1.940662e6
1.011311e6	1.678649e6
548209.0	2.035744e6
14149.0	1.449531e6
0.0	1.756143e6
7561.0	1.561128e6
188763.0	1.409696e6
767703.0	1.658871e6
414881.0	2.067497e6
0.0	1.64194e6
0.0	1.805082e6
0.0	1.863937e6
1.665379e6	1.607895e6
846495.0	1.662604e6
0.0	1.804396e6
846819.0	1.770636e6
1.981814e6	1.729618e6
1.188047e6	2.018162e6
481189.0	1.82775e6
480210.0	1.875129e6
1.012018e6	1.744246e6
15037.0	1.588711e6
3849.0	1.684033e6
3.077449e6	1.049219e6
1.269035e6	1.098276e6
2.281722e6	1.406418e6
1.599346e6	1.07816e6
3.040514e6	1.154486e6
2.664732e6	1.215709e6
3.000536e6	1.060972e6
1.710366e6	1.272198e6
2.517413e6	1.133978e6
3.161789e6	1.3485e6
3.106467e6	1.091477e6
2.223685e6	1.039196e6
2.518103e6	1.239866e6
1.707641e6	1.258258e6
1.704568e6	1.226965e6
3.139919e6	1.034677e6
1.478803e6	1.114505e6
2.275391e6	1.33158e6
3.141234e6	1.371758e6
2.986125e6	1.293957e6
3.133019e6	1.231049e6
2.344589e6	1.144178e6
2.218563e6	1.167857e6
2.664707e6	1.07293e6
2.632721e6	1.267553e6
3.049838e6	1.031864e6
3.141598e6	1.090146e6
2.518357e6	1.329561e6
1.905356e6	1.090076e6
2.287415e6	1.277597e6
3.135226e6	1.040275e6
3.134445e6	1.183337e6
2.929857e6	1.203879e6
2.628467e6	1.169573e6
2.096459e6	1.16674e6
2.409093e6	1.207186e6
3.111938e6	1.360817e6
3.127679e6	1.141616e6
3.14297e6	1.147683e6
1.460866e6	1.228743e6
2.036298e6	1.182627e6
3.131905e6	1.046693e6
2.030786e6	1.052145e6
1.269816e6	1.194002e6
1.779776e6	1.244527e6
2.343843e6	1.228142e6
2.340125e6	1.136329e6
1.900489e6	1.422912e6
3.136797e6	1.149819e6
2.961689e6	1.202076e6
2.797165e6	1.302262e6
2.742851e6	1.285683e6
3.148187e6	1.4417e6
2.982669e6	984871.0
2.614151e6	1.093692e6
3.108669e6	888647.0
2.918688e6	1.245834e6
3.037846e6	1.386455e6
3.154394e6	962744.0
2.277282e6	1.063155e6
2.735961e6	1.201149e6
3.169029e6	1.119899e6
3.144437e6	891347.0
3.04701e6	1.240312e6
3.051762e6	1.242088e6
2.616005e6	1.043277e6
2.894492e6	854076.0
3.176299e6	1.222796e6
2.354439e6	1.395197e6
2.924742e6	1.187022e6
2.625739e6	945846.0
3.173373e6	862376.0
3.156301e6	1.2846e6
3.106616e6	1.040295e6
3.118268e6	1.039459e6
2.490113e6	905671.0
2.668895e6	1.241801e6
3.130875e6	1.157316e6
3.106278e6	1.344546e6
3.158577e6	994978.0
2.524019e6	1.08147e6
2.649239e6	848416.0
2.978464e6	1.227299e6
3.114117e6	1.031352e6
3.154383e6	1.164604e6
3.158024e6	1.35636e6
2.736238e6	1.19042e6
2.695485e6	1.145939e6
2.586807e6	1.168864e6
2.900818e6	1.016841e6
3.143826e6	1.130111e6
2.717631e6	1.248027e6
3.131782e6	1.282732e6
2.739475e6	837220.0
3.06684e6	1.22547e6
3.176605e6	1.275248e6
3.170822e6	1.037797e6
3.119977e6	1.467119e6
2.297785e6	833448.0
2.926731e6	1.235166e6
1.592125e6	1.428347e6
3.284067e6	1.394588e6
2.549462e6	1.422907e6
3.093488e6	1.252881e6
1.454525e6	1.31698e6
2.209845e6	1.156222e6
1.792184e6	1.395725e6
3.013112e6	1.395108e6
2.351664e6	1.051517e6
1.021617e6	1.170376e6
1.51104e6	1.252007e6
2.627958e6	1.383045e6
2.356781e6	901054.0
3.004151e6	1.461268e6
3.00883e6	1.467733e6
1.368133e6	1.096301e6
3.154671e6	998929.0
2.564945e6	1.390505e6
1.11543e6	1.570685e6
1.785731e6	1.439373e6
1.374285e6	951846.0
2.517255e6	1.167678e6
2.603613e6	1.452065e6
2.196212e6	1.222007e6
2.252785e6	1.416013e6
1.316092e6	1.101284e6
1.423879e6	1.394802e6
2.368766e6	1.54631e6
2.87302e6	1.335196e6
2.549415e6	1.188505e6
1.297619e6	1.135306e6
1.427314e6	942812.0
1.870407e6	1.37325e6
2.25259e6	1.181396e6
2.713754e6	1.299371e6
2.510814e6	1.381714e6
1.499605e6	1.305904e6
1.468352e6	1.45217e6
1.336005e6	1.21128e6
3.164494e6	1.206693e6
2.766741e6	1.21887e6
1.498375e6	1.401928e6
2.74833e6	1.293033e6
3.27331e6	932491.0
2.951664e6	1.615496e6
2.502848e6	1.553512e6
2.51402e6	1.431932e6
2.849414e6	1.458862e6
1.0593e6	1.133963e6
1.825447e6	1.454003e6
1.007577e6	1.200554e6
2.93042e6	1.213832e6
1.923683e6	1.43819e6
2.606566e6	1.010579e6
949008.0	1.248202e6
1.529833e6	1.267859e6
1.147781e6	1.171963e6
2.495913e6	1.385591e6
1.683244e6	1.12621e6
631604.0	961881.0
951794.0	1.1252e6
2.013041e6	1.402541e6
1.713941e6	1.115862e6
2.504158e6	898751.0
2.48844e6	904688.0
790074.0	1.018653e6
2.739451e6	1.020409e6
1.92883e6	1.036671e6
703826.0	1.488771e6
1.166693e6	1.034594e6
949648.0	1.159112e6
1.875144e6	1.235599e6
1.993491e6	961433.0
1.519057e6	1.008438e6
1.5869e6	1.294526e6
857326.0	1.289783e6
892070.0	1.033919e6
1.722229e6	1.484251e6
2.310108e6	1.069372e6
1.917518e6	1.507996e6
819834.0	1.007721e6
892125.0	1.149319e6
1.225852e6	978306.0
1.573981e6	855273.0
2.135964e6	1.04889e6
1.810855e6	1.326161e6
949891.0	945909.0
921030.0	1.25603e6
849572.0	1.137567e6
2.755176e6	1.306404e6
2.185919e6	893174.0
961458.0	1.372175e6
2.176801e6	1.109604e6
2.925918e6	1.14486e6
2.428405e6	1.592056e6
1.873196e6	1.559892e6
1.880568e6	1.487484e6
2.303008e6	1.358297e6
664847.0	1.228287e6
1.264844e6	888274.0
2.131282e6	1.749471e6
3.307833e6	1.806103e6
2.928032e6	1.737728e6
3.254087e6	1.70651e6
1.948337e6	1.77226e6
2.662403e6	1.971847e6
2.305905e6	1.733774e6
3.229973e6	1.748489e6
2.789898e6	1.68855e6
1.481002e6	1.759875e6
2.034833e6	1.729305e6
3.007376e6	1.802002e6
2.80917e6	1.823559e6
3.229285e6	1.982166e6
3.234179e6	1.97488e6
1.893647e6	1.645384e6
3.280236e6	1.668653e6
2.957766e6	1.926274e6
1.578773e6	2.260099e6
2.33107e6	1.978927e6
1.892421e6	1.799548e6
2.934197e6	1.80447e6
3.003688e6	1.917387e6
2.696794e6	1.617296e6
2.736633e6	1.995079e6
1.783139e6	1.733503e6
1.938391e6	1.96776e6
2.817447e6	2.311157e6
3.143763e6	1.75759e6
2.944926e6	1.948829e6
1.793315e6	1.734797e6
1.951189e6	1.746814e6
2.691288e6	1.878887e6
2.731571e6	1.787801e6
3.076948e6	1.884829e6
2.874948e6	1.796618e6
2.032953e6	1.774023e6
1.99186e6	1.892367e6
1.854969e6	1.776923e6
3.29598e6	1.712401e6
3.076745e6	1.910896e6
2.041541e6	1.732662e6
3.092958e6	1.701259e6
3.301725e6	1.766763e6
3.23473e6	2.090717e6
2.904143e6	1.639274e6
2.939424e6	1.813222e6
3.177341e6	1.826832e6
1.526827e6	1.797421e6
2.379363e6	1.89899e6
2.239003e6	1.237639e6
3.273319e6	1.113322e6
3.01607e6	1.397686e6
3.275681e6	1.088881e6
2.027041e6	1.024775e6
2.763082e6	1.05114e6
2.416242e6	1.255493e6
3.238063e6	1.395345e6
2.853395e6	1.201512e6
1.57794e6	931820.0
2.131133e6	1.35132e6
3.061564e6	1.33547e6
2.883931e6	926749.0
3.241376e6	1.145924e6
3.235326e6	1.146545e6
2.004684e6	1.036196e6
3.267426e6	931561.0
3.021378e6	1.103063e6
1.688792e6	1.207318e6
2.419622e6	1.13053e6
1.984561e6	888491.0
2.995758e6	1.111768e6
3.049644e6	1.204303e6
2.749899e6	971710.0
2.790224e6	1.276772e6
1.87301e6	1.091345e6
1.952748e6	1.110303e6
2.886286e6	1.243332e6
3.195393e6	1.169201e6
3.008521e6	1.341591e6
1.908073e6	924332.0
2.142242e6	1.201442e6
2.515726e6	1.068764e6
2.782177e6	887174.0
3.091387e6	1.089722e6
2.950191e6	1.380042e6
2.135603e6	1.133651e6
2.088123e6	1.35762e6
1.946998e6	1.319982e6
3.275366e6	1.160523e6
3.152732e6	964174.0
2.119126e6	1.299538e6
3.133149e6	1.262266e6
3.285743e6	1.173838e6
3.219926e6	1.287067e6
2.966223e6	1.327969e6
3.000122e6	1.18006e6
3.178132e6	1.31141e6
1.61992e6	1.112263e6
2.459154e6	1.174638e6
3.10052e6	1.260269e6
1.882494e6	1.3144e6
2.815393e6	1.572328e6
2.214849e6	1.239401e6
2.950765e6	1.368684e6
3.047176e6	1.338118e6
3.126574e6	1.296418e6
2.332165e6	1.503091e6
2.957151e6	1.311764e6
2.81648e6	1.60847e6
3.059512e6	1.307542e6
2.771156e6	1.209617e6
2.967099e6	1.399143e6
2.330067e6	1.340108e6
2.337424e6	1.329606e6
3.0097e6	1.211272e6
2.091146e6	1.30577e6
2.815666e6	1.359932e6
2.842232e6	1.476035e6
3.124198e6	1.421771e6
3.015528e6	1.397878e6
2.847302e6	1.314949e6
2.772596e6	1.279739e6
3.062179e6	1.262986e6
3.0248e6	1.398629e6
2.884024e6	1.246487e6
3.037285e6	1.183552e6
2.963839e6	1.491172e6
2.509453e6	1.284893e6
2.804315e6	1.431322e6
2.951746e6	1.183735e6
3.032617e6	1.364272e6
3.109486e6	1.433179e6
3.024856e6	1.374149e6
2.671422e6	1.43986e6
2.899197e6	1.474825e6
3.064456e6	1.465311e6
3.042145e6	1.268894e6
2.992055e6	1.360876e6
2.07841e6	1.447905e6
2.623932e6	1.31916e6
3.080489e6	1.146582e6
2.625017e6	1.284908e6
1.88405e6	1.376314e6
2.396263e6	1.406054e6
2.863707e6	1.447898e6
2.841963e6	1.290827e6
2.516179e6	1.552969e6
2.819806e6	1.357647e6
3.105604e6	1.399018e6
3.108708e6	1.542149e6
1.388829e6	1.516798e6
2.393863e6	1.853435e6
1.715681e6	1.245965e6
3.041726e6	1.495755e6
2.775396e6	1.326576e6
3.040343e6	1.412174e6
1.839923e6	1.892574e6
2.627007e6	1.420896e6
3.096803e6	1.667522e6
3.123158e6	1.580296e6
2.333196e6	1.362726e6
2.621891e6	1.431881e6
1.834007e6	1.359938e6
1.828373e6	1.382314e6
3.128414e6	1.395779e6
1.588993e6	1.329277e6
2.404619e6	1.421727e6
3.088681e6	1.624458e6
3.034227e6	1.401327e6
3.138189e6	1.420174e6
2.45098e6	1.279365e6
2.337321e6	1.437274e6
2.76329e6	1.400327e6
2.715596e6	1.276044e6
3.026193e6	1.380073e6
3.135015e6	1.369133e6
2.623666e6	1.474286e6
2.135226e6	1.562352e6
2.390435e6	1.506445e6
3.103232e6	1.334208e6
3.143845e6	1.419599e6
2.982734e6	1.498126e6
2.716436e6	1.370136e6
2.210155e6	1.527168e6
2.516123e6	1.84426e6
3.122444e6	1.546641e6
3.123982e6	1.333041e6
3.129928e6	1.567305e6
1.58282e6	1.613223e6
2.15778e6	1.440024e6
3.138528e6	1.420096e6
2.156115e6	1.575711e6
1.397552e6	1.406817e6
1.903316e6	1.477267e6
2.463901e6	1.666092e6
2.454082e6	1.307831e6
2.015849e6	1.786038e6
3.081192e6	1.318853e6
3.115355e6	1.487337e6
3.09836e6	1.930751e6
1.884705e6	1.988751e6
2.815739e6	2.253073e6
2.218269e6	1.631928e6
2.943755e6	1.82656e6
3.036309e6	1.688499e6
3.107864e6	1.814153e6
2.332024e6	2.20338e6
2.96883e6	1.639748e6
2.816621e6	1.661002e6
3.082441e6	1.804064e6
2.777624e6	1.591903e6
2.976814e6	1.588316e6
2.33543e6	1.743715e6
2.334705e6	1.749293e6
3.017973e6	1.658182e6
2.095755e6	1.494194e6
2.818831e6	1.567815e6
2.852719e6	2.074745e6
3.122758e6	1.852917e6
3.019003e6	1.547942e6
2.858979e6	1.47072e6
2.777506e6	1.855387e6
3.039207e6	1.704078e6
3.022098e6	1.454704e6
2.869388e6	1.558991e6
3.036179e6	1.775619e6
2.983393e6	1.845689e6
2.515392e6	1.968514e6
2.824071e6	1.514789e6
2.946508e6	1.674797e6
3.034188e6	1.499569e6
3.121782e6	1.758185e6
3.016618e6	1.548872e6
2.686409e6	1.615198e6
2.887874e6	2.105385e6
3.064554e6	1.88087e6
3.065369e6	1.67131e6
3.006985e6	1.722165e6
2.082557e6	1.727006e6
2.625146e6	1.835728e6
3.06049e6	1.789648e6
2.624998e6	1.907932e6
1.880789e6	1.462848e6
2.394704e6	1.904409e6
2.856439e6	1.863142e6
2.860936e6	1.532554e6
2.508747e6	2.245305e6
2.81694e6	1.439345e6
3.133753e6	1.755552e6
