30.244706615121412
15.00468027458974
50.002011105795795
34.003269215216804
0.0
0.0
26.99403352164447
19.004308936168993
42.99755428441228
30.005108425879722
0.9983923802693537
12.997639988261248
35.00430201646427
29.99910962479262
42.99657987319071
42.990610687241166
9.999775056184832
0.0
34.0032692152168
0.0
19.006841441045584
9.998734311546249
32.99781471155295
35.002064590857714
26.99991891854909
28.004973487195233
0.0
11.001538784002781
30.002834961752512
40.00282757473766
33.99913787171114
0.0
11.001523036125892
20.999807365580295
28.005608475465372
36.99979825717065
31.996739477115696
12.995626848965069
11.998157148469325
9.000695712866351
46.98923760625673
37.987620120531034
13.003901170351105
37.99419246212371
50.00227654301125
41.995978839089865
33.00343513477084
33.00160188468554
40.00186226127526
0.0
19.99167251884251
0.0
16.00223009367538
42.993789286723846
23.001776815761485
0.0
46.99163667316367
0.0
36.9937249496134
36.99955649538241
19.0012384553159
28.995486097072803
43.9943793352582
41.00848189377496
35.995040320366066
8.999506458884426
42.003225079907196
43.99359796180008
21.000888451983247
24.002859915223944
0.0
0.0
33.00940134713491
0.0
0.0
46.992155045532584
0.0
0.0
5.001851508408153
23.995247511488618
34.00018623525434
0.0
34.00113051206315
11.0027290040117
34.0026928498974
8.999950091185857
0.0
0.0
0.9998710582947741
24.99657930797869
28.005435340614067
Inf
41.00517404429662
28.997197277939158
16.007084821603797
0.0
21.00008191666195
22.001669838897524
35.9932178406315
40.00182958853044
35.9961794639244
