83.71395585238788
31.49287732259983
31.35163895269525
31.813059983152655
42.314054210948086
36.13397304216726
26.20092365453951
37.833598444680284
31.620994075201434
27.401772879731546
18.11278797953116
30.656937974983606
40.20778678553093
22.666391922522195
23.34149113119259
23.606168906342443
40.54367132597106
47.281220857771764
32.6743260807734
34.098322892932
26.05063304474923
22.565597451936778
37.19100894622099
24.969164791699047
36.490993861873164
32.87825745235493
35.11298741622047
25.256062662637632
33.60973783661724
28.827935137935576
28.03347237526367
38.126102082637495
30.370016330107177
25.191240055998847
27.263466954280883
23.29765919162886
31.440881385480402
21.567666325029986
35.53145083521545
32.47258735348399
33.92781577568904
29.515891000878803
40.948021418505284
29.841057534376503
30.550804140808804
36.44059538698312
41.556572194726044
37.45109199904296
31.705701408072837
34.961194029850965
23.628665832561758
43.27110648711967
35.25508989323512
34.17901002697098
28.8637860210096
32.09827812826879
29.124560517849286
37.1596467934884
36.02224284527497
42.315838911506226
22.32565482934142
37.40166581900562
37.6590746730825
44.240844894994645
30.140237825832585
32.78619868556033
42.53670631077328
29.08222860703297
38.21991278341189
40.58949288154814
36.476708724511354
43.76309895496106
40.87737403749178
33.6303709815844
32.250475165812425
27.843241014786166
34.58672442252095
44.27687807757876
46.911375130448164
27.1977657594288
27.406804316421017
31.024047875361244
35.164856426292786
33.50598988228984
36.037372089574376
33.588581915020434
37.86550732767674
26.513727373684965
32.108712135652794
29.005316316881128
31.63794403637785
31.05382548863728
45.08098521096688
34.929533255307966
26.47330066364083
29.955435151802703
35.827486705753486
34.12930987730285
41.41111285278662
36.76383327601618
31.676702698916106
