0.0
0.0
0.0
0.0
62.93383556088125
47.02772990093644
0.0
0.0
0.0
0.0
0.0
0.0
0.0
0.0
0.0
0.0
0.0
64.85084306096057
0.0
32.998632913779055
0.0
0.0
0.0
0.0
0.0
0.0
49.684112215503575
0.0
0.0
0.0
0.0
43.34508466739787
0.0
0.0
0.0
0.0
0.0
0.0
0.0
0.0
0.0
0.0
0.0
0.0
0.0
0.0
0.0
0.0
0.0
41.78513357617079
0.0
38.41217197410474
0.0
0.0
0.0
36.687631027253616
0.0
75.55723460520494
0.0
0.0
0.0
0.0
0.0
0.0
0.0
0.0
0.0
0.0
0.0
0.0
45.40837105661085
47.52136108706221
0.0
42.946420637976914
44.03921616269626
0.0
38.293063351669616
64.32328124408755
0.0
0.0
0.0
40.747691442410286
0.0
0.0
0.0
0.0
37.30738037307329
41.70438227753304
0.0
0.0
0.0
0.0
0.0
0.0
0.0
37.22401879812919
0.0
0.0
0.0
0.0
0.0
