0.0
0.0
0.0
0.0
22.72142163998061
151.78919619883033
0.0
0.0
0.0
0.0
0.0
0.0
0.0
0.0
0.0
0.0
0.0
21.890728132387725
0.0
510.7667599410899
0.0
0.0
0.0
0.0
0.0
0.0
251.5015687263556
0.0
0.0
0.0
0.0
140.3652785923753
0.0
0.0
0.0
0.0
0.0
0.0
0.0
0.0
0.0
0.0
0.0
0.0
0.0
0.0
0.0
0.0
0.0
997.7738315217391
0.0
244.51671794871797
0.0
0.0
0.0
97.70207900207897
0.0
31.273782747603835
0.0
0.0
0.0
0.0
0.0
0.0
0.0
0.0
0.0
0.0
0.0
0.0
340.71696017511647
499.2470858426049
0.0
337.9912659423713
135.68071428571432
0.0
488.22843749999976
22.626906921241048
0.0
0.0
0.0
192.84745901639334
0.0
0.0
0.0
0.0
1001.8574728260871
137.47482352941174
0.0
0.0
0.0
0.0
0.0
0.0
0.0
98.89514403292179
0.0
0.0
0.0
0.0
0.0
