273.61110011535425
273.4655141573754
273.2320191305045
274.0196353371525
273.9763933153737
274.0374438834893
272.48941632138354
273.3022908478382
274.1366984530621
273.0997583018075
274.1304265625236
273.23110940971594
273.3808747011672
277.2671873430437
273.2609221737167
273.35279226253203
272.3904212454212
268.6986724565756
273.87284492336727
275.74082173382175
273.4301306854709
273.09321293460636
273.17292187264786
273.3636296853831
273.23040671449763
273.3703270634475
263.03568477818476
273.30094007085813
274.7569582903285
273.3355572783381
273.3254215127938
272.8414972527472
273.22875157629255
273.2206446285955
273.1132417582417
273.38036941141047
274.34267677150433
273.9618445191173
273.27482285474093
273.3810702995635
273.53225274725276
160.05133000712772
273.31652522659823
273.27477540267955
273.75711401857814
274.6074704025257
273.82291208791213
273.2836567399769
273.7943956043956
273.5376577793791
273.2287200504414
273.203625773134
273.51912419087756
266.94539059949955
274.57585971959077
274.07101274241575
205.7767959955052
273.3279570064972
273.72219436436234
273.5734153967579
274.2358958168903
274.4452038910317
273.66868131868137
273.29063985374773
273.82070460731927
273.37955342103146
273.1273773494265
273.00288318530784
273.15981114513903
273.483330573536
273.46209061430375
273.5617549300015
273.4195779015505
273.33052152765265
273.14788686723114
274.2544289964179
274.49894770746494
273.7289218148334
272.9232749603338
273.3568806262231
272.89536539962774
273.2572740647331
273.90163452091235
273.28268780399935
273.6155551033329
274.086439681364
273.84428978428974
273.34668888488557
271.364599292528
273.3217778112298
273.1777603492398
273.89259596759
273.34145822670484
273.19967544783987
273.2568251966612
273.1139788626674
274.30968715205495
273.3411520397411
271.4365504093222
273.7183516483516
273.8004395604396
